0,1,2,3,4,5,6,7,8,9,10,11,12,13,14,15,16,17,18,19,20,21,22,23,24,25,26,27,28,29,30,31
1781477.2052293494,-277.11094633160866,6343.650642893587,3.667977701436278,311337.2562554876,-32013.84151431388,14.850497585862115,6.652305495616303,408.4567969928519,-8097.774642768436,-25032.758592937385,19517.567542147634,-10520.017544638533,492524.59012838546,-414.93468786935745,-2712.386829107084,-59.28674983753053,-3.33447214292997,3486.519299819153,481.8354962040605,281798.56395761453,31.302516348314708,634.3240182449509,-519.0339865040976,-10957.43750524374,154.5561697043679,-27191.6651700994,737.7852937113181,48.55430656948886,-13800.803308331415,136.6059851633825,-10799.89303419244
-277.11094633160866,1164614.4229444354,-46.07704166474511,-175.9209620304157,-112.21983409454744,-4104.241651951669,-26174.983600212792,-234.43463391961174,-2687.8013986272085,-8075.54654240614,508.2139483496777,-22.987725599618507,-28015.184478826148,-101.97294051709189,146470.11361909183,81.8637881652147,1252.312663790913,-97.10668378639491,-55.20026126514809,-13025.108153931407,-94.19915192532629,-11531.636909225417,-1511.309379534484,132468.74113915308,-15030.73947228239,-529.0965729677968,-40.80983544188643,-2413.3743216878943,-685.7120395929101,-185.22501301970945,-911.751281915381,-11912.351553386035
6343.650642893587,-46.07704166474511,1364693.2531088393,-164.32663347639183,35309.438508140986,-1115.024368383706,-43.08014004418504,-205.66073507067154,-3215.608744478338,-1223.2930189605297,-1137.6325615977457,382617.3586891235,-432.94049039946117,-1342.1774709631643,-37.206351555247984,21468.722246160305,-3.9061291983233195,-154.23193881550668,1279437.0108493832,-1222.7369437964148,9485.530756494056,-377.53608836303636,-2439.9051119140313,-76.85467657424998,-493.49493439382667,-1764.1004193486021,624198.9232851879,-3242.014317986772,-870.822378922698,-359.12579582062335,-1908.81050394464,-494.6404925092091
3.667977701436278,-175.9209620304157,-164.32663347639183,1014607.8799991701,-5.280797951840971,-26.412602034297105,-741.3639709257046,881062.4265191074,9836.785851652345,-36.0991902743285,-378.2045797551316,-39.42852643863256,-313.6457887137567,-11.552725274777774,-67.76221509398272,-945.2013038620042,-769.9666435620211,-43472.60675444948,-221.51811919606638,6060.8976371706,-27.694905250203647,14633.170652068118,1997.7774507602303,-262.46176548061356,-210.22955162314724,1167.5843998516918,-424.375682999662,4042.44336582215,-29720.648018490683,-12.926080301193439,-17482.243544483263,-180.37357247744217
311337.2562554876,-112.21983409454744,35309.438508140986,-5.280797951840971,1495945.7913525815,-9664.696138762962,-4.208478927427271,-6.66873483673939,-147.59765316185,-7613.9987681690445,10545.871020637542,75171.6312363198,-2850.166692914273,397385.6721077632,-125.08801155924924,-3498.1898244842373,-22.67420919764046,-13.711075778028727,28633.843365425186,-222.5828643879927,1053462.0883474725,-48.41284743312146,-596.0287370423324,-183.2673268312493,-3294.73858061004,146.03477194429493,26030.507290581463,-963.3177259911561,3.7092602855203283,-3445.260915496359,82.40746371812146,-3341.9759294860964
-32013.84151431388,-4104.241651951669,-1115.024368383706,-26.412602034297105,-9664.696138762962,1363897.3727107455,86.69738693761528,-30.74717506413583,-136.60468509215175,607371.6824691944,-2472.516501522407,-1089.597090192868,41000.972766539766,-10057.544050462599,-2708.2300964769406,66.4828293692972,-249.47964391374043,-9.470339309915778,-1169.8435380600429,-428.6771224831019,-7669.511630855335,-67.23450346954247,0.7289322191513966,-1851.920773573563,92323.10509908595,-41.50488498365314,656.4265388823046,-45.833087047226066,-50.869623379721034,347676.9428609612,-70.69032591664032,108996.39911751893
14.850497585862115,-26174.983600212792,-43.08014004418504,-741.3639709257046,-4.208478927231807,86.69738693761528,863397.2826920815,-402.3793102872562,2204.5999800786435,253.72335542356203,140.8878692055257,-10.740458719365074,-1294.219842102396,-5.441434827439881,-4410.071664028033,-256.491488733044,26580.07084692089,109.07127183015243,-57.296922370023,-6609.8837343709365,-10.401492185372357,382461.26392764837,-274.4742488784153,-13865.175269179475,-757.9093485979453,853.0584508014356,-111.60377931043745,-40.947489371875356,1744.8735212624072,-59.08473361826743,1582.9434468579504,-643.1939436868399
6.652305495616303,-234.43463391961174,-205.66073507067154,881062.4265191074,-6.66873483673939,-30.74717506413583,-402.3793102872562,999096.147513524,14326.444686981988,-44.68898600161413,-507.1301510615981,-49.161843529693805,-383.46398207161366,-14.619720480829173,-81.79698171319711,-1280.6550324720472,-901.2716059015108,-41176.55336727508,-276.9704422356968,8168.376804521163,-36.21386430383538,18277.56699945993,2782.6069081722603,-293.0855065368184,-256.6601878000771,3927.799154312995,-539.1940397211199,5638.357983399048,-18130.40634934485,-14.081979657801677,-10038.188304834812,-220.15415856683003
408.45679699259125,-2687.8013986272085,-3215.608744478468,9836.785851652345,-147.59765316185,-136.60468509215175,2204.5999800786435,14326.444686981988,1121676.1510080153,-219.9226445857294,-13093.18585728658,-743.2755522127928,-2599.661069986555,-303.347029213059,-635.6012812839097,-24096.946873964072,-1277.5334512613965,11180.258631967252,-4306.856555933055,117789.67250170339,-843.9433574300666,38176.709359920766,129271.96141970334,-945.3070571086749,-1681.358861634247,129395.65558829313,-9288.515741252906,317022.44081424444,70155.80144277515,-50.887755295608336,139368.88521862924,-1431.4915578903706
-8097.774642768436,-8075.54654240614,-1223.2930189606598,-36.0991902743285,-7613.9987681690445,607371.6824691944,253.72335542356203,-44.68898600161413,-219.9226445857294,1407820.9016545261,-7581.22712584193,-948.2447429940814,125165.70642184475,-7035.570871841882,-2346.0480477481383,49.56695659708912,-586.6295438188763,-14.799020615441593,-1346.5038027062565,-216.58422515064876,-6501.460030292024,-80.28627851162666,64.862917800012,-5394.5676921792865,228046.59138724767,-67.88475708538354,-414.2802409090086,4.603060482683707,-83.5238924580652,132275.72669195797,-113.47838149642877,250395.1289913117
-25032.758592937385,508.213948349417,-1137.6325615977457,-378.20457975500125,10545.871020637542,-2472.516501522407,140.8878692055257,-507.1301510615981,-13093.18585728658,-7581.22712584193,1230222.353757569,-1888.6458009804799,-16417.94444093162,16329.83967401086,9.002769499368558,-11875.976005728258,113.3365765225426,-165.21711004904108,-1413.0131083778263,-26188.736030066444,31740.34182660892,-2238.781633217592,-24898.062331413432,182.27327676886702,-11133.40636107974,-751.3967982830467,28080.216095259788,-34799.68163541461,-1277.5200735493895,-314.75951161792835,-1729.0781809662376,-9801.836151784366
19517.567542147634,-22.987725599618507,382617.3586891235,-39.42852643863256,75171.6312363198,-1089.597090192868,-10.740458719365074,-49.16184352982411,-743.2755522127928,-948.2447429940814,-1888.6458009804799,474533.94669455505,-309.33988299440574,12005.634813920657,-20.389274521258475,4782.814108689861,-3.309246868499153,-38.10369999702104,356913.7613134865,-270.6262905191157,33490.85447508304,-90.08738524436741,-543.1174013726134,-36.046745284992994,-381.6489083737293,-411.19109159788127,157281.9413477633,-742.0235414021134,-206.66265900303154,-361.1306440201304,-448.94297702472403,-389.5715949835539
-10520.017544638533,-28015.184478826148,-432.94049039946117,-313.6457887137567,-2850.166692914273,41000.972766539766,-1294.2198421026565,-383.46398207161366,-2599.661069986555,125165.70642184475,-16417.94444093162,-309.33988299440574,1532230.0385862293,-3148.0671168375065,13329.15431306514,135.50434018979453,-1510.4094660856842,-112.53324817339882,-486.31631933232103,14728.828033337068,-2637.55828579275,-1712.5381502576965,-2113.2437043538757,-9763.001825799067,801176.9474033646,-567.5670318665165,-523.1531188059362,-2769.2046730222423,-700.7381993580043,1507.1072186130373,-955.8323683998009,662171.157361069
492524.59012838546,-101.97294051709189,-1342.1774709631643,-11.552725274777774,397385.6721077632,-10057.544050462599,-5.441434827439881,-14.619720480829173,-303.347029213059,-7035.570871841882,16329.839674010338,12005.634813920657,-3148.0671168375065,1197034.0462099824,-124.68913161791538,-2206.009318293994,-21.394976818149054,-16.00635540879401,-4146.360735378511,-219.44635008771695,480687.38256512635,-59.12918095461152,-745.4148444889456,-179.33433144136558,-3432.3141443997106,61.680896288818985,32057.80461347831,-1153.7601269119818,-29.792333190573924,-3902.1472983193444,0.008396633618669758,-3453.6001754701297
-414.93468786935745,146470.11361909183,-37.206351555247984,-67.76221509385242,-125.08801155924924,-2708.2300964769406,-4410.071664028033,-81.79698171319711,-635.6012812841702,-2346.0480477481383,9.002769499368558,-20.389274521258475,13329.15431306514,-124.68913161791538,394009.59802499885,8.793742721911315,2047.420071408033,-25.023473823056765,-44.20367120547392,-4245.414121929016,-106.58371213455142,-2061.6170882932233,-336.7682027970955,34498.477496286876,29479.410583319554,-128.21495906286796,-37.138252487438656,-557.9067276778304,-170.35561667334304,-536.7245952152574,-225.8796024627518,27878.631213527984
-2712.386829106824,81.86378816534501,21468.722246160305,-945.2013038620042,-3498.1898244842373,66.4828293692972,-256.491488733044,-1280.6550324720472,-24096.946873964072,49.56695659708912,-11875.976005728258,4782.814108689861,135.50434018979453,-2206.009318293994,8.793742721911315,945651.6051796029,54.551433077880766,-1501.9432756187286,29005.66020235055,-6950.12294883854,-1399.7342770450778,-2550.283734607857,-1244.13127348015,-25.146297177775946,85.93860262601724,-11159.867807315792,64460.36418157963,12866.634233619736,-7379.689920650973,7.219653378597438,-16910.47954617248,74.81795082943225
-59.28674983753053,1252.312663790913,-3.9061291983233195,-769.9666435620211,-22.67420919764046,-249.47964391374043,26580.07084692089,-901.2716059015108,-1277.5334512613965,-586.6295438190066,113.3365765225426,-3.309246868499153,-1510.4094660856842,-21.394976818149054,2047.420071408033,54.551433077880766,605579.1387825087,-64.70922763669209,-4.006407040447413,-2713.63633958203,-18.067818985592137,6014.477622596659,-492.2313765501632,259057.47867785656,-594.009318573186,-375.73431582584715,6.151293185595087,-856.2719609115679,-648.6814717793759,39.15511807345094,-708.6125150505061,-468.14302380599946
-3.33447214292997,-97.10668378639491,-154.23193881550668,-43472.60675444948,-13.711075778028727,-9.470339309915778,109.07127183015243,-41176.55336727508,11180.258631967252,-14.799020615441593,-165.21711004904108,-38.10369999702104,-112.53324817339882,-16.006355408663705,-25.023473823056765,-1501.9432756187286,-64.70922763669209,494821.1992674459,-204.24528105640232,2093.9950983354497,-36.29822783521936,1732.6503895022188,839.6779795967489,-68.88294894623324,-73.71469471649144,18386.64014480144,-424.9636957807303,1899.7251802106875,224435.45574708085,-4.027571654700322,116970.14373724927,-63.26285458906699
3486.519299819153,-55.20026126514809,1279437.0108493832,-221.51811919606638,28633.843365425186,-1169.8435380600429,-57.296922370023,-276.9704422356968,-4306.856555933055,-1346.5038027062565,-1413.0131083778263,356913.7613134865,-486.3163193321907,-4146.360735378511,-44.20367120547392,29005.66020235055,-4.006407040447413,-204.24528105640232,1727397.2210528078,-1626.314896468553,5725.57940072167,-503.3592666725888,-3223.396151224531,-93.8531539713711,-546.6841205009028,-2387.6106053929807,782294.9727140373,-4286.296697840008,-1170.2733435477764,-376.6064454892277,-2573.504408836778,-545.8911632524655
481.8354962043212,-13025.108153931147,-1222.7369437964148,6060.8976371706,-222.5828643879927,-428.6771224831019,-6609.8837343709365,8168.376804521163,117789.67250170339,-216.58422515064876,-26188.736030066444,-270.6262905191157,14728.828033337068,-219.44635008771695,-4245.414121929016,-6950.12294883854,-2713.63633958203,2093.9950983357107,-1626.314896468553,1167890.549018459,-751.1362343870347,46283.48752600658,104794.19155681583,-3886.9994513332636,3318.9382535837817,16233.85846136563,-3897.9456699085936,144133.1630842768,18998.83069858601,-245.5449778885016,26256.878828295423,2036.3632928458921
281798.56395761453,-94.19915192506568,9485.530756494056,-27.694905250203647,1053462.0883474725,-7669.511630855335,-10.401492185372357,-36.21386430383538,-843.9433574300666,-6501.460030292024,31740.34182660892,33490.85447508304,-2637.55828579275,480687.38256512635,-106.58371213468173,-1399.7342770450778,-18.067818985592137,-36.29822783521936,5725.57940072167,-751.1362343870347,1522693.615331206,-134.18757884485834,-1664.856090440103,-159.71710867967988,-2840.659227235747,-30.713339439408305,124376.22189635235,-2400.0700185344213,-112.3138842885761,-2790.8161666257247,-141.11002288211606,-2849.27207911694
31.302516348314708,-11531.636909225417,-377.53608836303636,14633.170652068118,-48.41284743312146,-67.23450346954247,382461.26392764837,18277.56699945993,38176.709359920766,-80.28627851162666,-2238.781633217592,-90.08738524436741,-1712.5381502576965,-59.12918095461152,-2061.6170882932233,-2550.283734607857,6014.477622596659,1732.6503895022188,-503.35926667271906,46283.48752600658,-134.18757884485834,871866.1452921178,11478.931644111595,-6115.044918304923,-1201.9345720870099,11306.933791050711,-1069.0058309136516,21195.719069106097,19713.74642799988,-56.52474353928211,20784.570869599207,-1038.8159103688677
634.3240182452116,-1511.309379534484,-2439.9051119140313,1997.7774507602303,-596.0287370423324,0.7289322191513966,-274.4742488784153,2782.6069081722603,129271.96141970334,64.86291780027263,-24898.062331413432,-543.1174013726134,-2113.2437043538757,-745.4148444889456,-336.7682027970955,-1244.13127348015,-492.2313765501632,839.6779795970094,-3223.396151224531,104794.19155681583,-1664.856090440103,11478.931644111595,904912.2557179913,-447.1008994232013,-1108.9205668637862,5374.303787361988,-8087.66643038224,497734.4449649124,8202.099905646735,-13.534129981889889,12196.511576049486,-903.2515538173882
-519.0339865040976,132468.74113915308,-76.85467657424998,-262.46176548061356,-183.26732683111902,-1851.920773573563,-13865.175269179475,-293.0855065368184,-945.3070571086749,-5394.5676921792865,182.27327676886702,-36.046745284992994,-9763.001825799067,-179.33433144156103,34498.477496286876,-25.146297177775946,259057.47867785656,-68.88294894623324,-93.8531539713711,-3886.9994513332636,-159.71710867967988,-6115.044918304923,-447.1008994232013,1260638.5614386012,-2491.055998203031,-248.0013379226322,-98.49983626147488,-755.486273408773,-388.14731524314954,803.2349576644739,-492.80882863028035,-1663.2459213088146
-10957.43750524374,-15030.73947228239,-493.49493439382667,-210.22955162314724,-3294.73858061004,92323.10509908595,-757.9093485979453,-256.6601878000771,-1681.358861634247,228046.59138724767,-11133.40636107974,-381.6489083737293,801176.9474033646,-3432.3141443997106,29479.410583319554,85.93860262601724,-594.009318573186,-73.71469471649144,-546.6841205009028,3318.938253583521,-2840.659227235747,-1201.9345720870099,-1108.9205668637862,-2491.055998203031,1501899.6776917903,-371.40349589816753,-283.422890436604,-1589.8651405558658,-464.5131236679469,9545.193383639757,-629.2627095254373,1258641.020538755
154.5561697043679,-529.0965729677968,-1764.1004193486021,1167.5843998516918,146.03477194429493,-41.50488498365314,853.0584508014356,3927.799154312995,129395.65558829313,-67.88475708538354,-751.3967982830467,-411.19109159788127,-567.5670318665165,61.680896288818985,-128.21495906286796,-11159.867807315792,-375.73431582584715,18386.64014480144,-2387.6106053929807,16233.858461365367,-30.713339439408305,11306.933791050711,5374.303787361988,-248.0013379226322,-371.40349589816753,872071.5466546733,-4663.35333720497,10781.810888061846,84032.05602965418,-14.442252928273456,310959.082175501,-317.85685515063545
-27191.6651700994,-40.80983544188643,624198.9232851889,-424.3756829997923,26030.507290581463,656.4265388823046,-111.60377931043745,-539.1940397211199,-9288.515741252906,-414.2802409090086,28080.216095259788,157281.94134776224,-523.1531188059362,32057.80461347831,-37.138252487438656,64460.36418157963,6.151293185595087,-424.9636957807303,782294.9727140389,-3897.9456699088546,124376.22189635235,-1069.0058309136516,-8087.66643038224,-98.49983626147488,-283.422890436604,-4663.35333720497,2126031.5989387357,-10007.71746822178,-2344.0181226546183,202.01303060322473,-5106.694448233558,-226.9038089476153
737.7852937110574,-2413.3743216878943,-3242.014317986772,4042.44336582215,-963.3177259911561,-45.83308704748668,-40.94748937161474,5638.357983399048,317022.44081424444,4.603060482553397,-34799.68163541461,-742.0235414021134,-2769.2046730222423,-1153.7601269122426,-557.9067276778304,12866.634233619736,-856.2719609115679,1899.7251802106875,-4286.296697840008,144133.1630842768,-2400.0700185344213,21195.719069106097,497734.4449649124,-755.486273408773,-1589.8651405561266,10781.810888061846,-10007.717468222037,1332304.2946322141,17538.33848316499,-33.5428725659401,26608.603556587354,-1319.844985876923
48.55430656948886,-685.7120395929101,-870.822378922698,-29720.64801848964,3.7092602855203283,-50.869623379721034,1744.8735212624072,-18130.40634934485,70155.80144277515,-83.5238924580652,-1277.5200735493895,-206.66265900303154,-700.7381993580043,-29.792333190573924,-170.35561667334304,-7379.689920650973,-648.6814717793759,224435.45574708344,-1170.2733435477764,18998.83069858601,-112.31388428838063,19713.74642799988,8202.099905646735,-388.14731524314954,-464.5131236679469,84032.05602965418,-2344.0181226546183,17538.33848316499,985197.1167883241,-19.61142989950635,349092.53513259446,-398.2473707121302
-13800.803308331415,-185.22501301970945,-359.12579582062335,-12.926080301063132,-3445.260915496359,347676.9428609612,-59.08473361826743,-14.081979657671368,-50.887755295608336,132275.72669195797,-314.75951161792835,-361.1306440201304,1507.1072186130373,-3902.1472983193444,-536.7245952152574,7.219653378597438,39.15511807345094,-4.027571654700322,-376.6064454892277,-245.5449778885016,-2790.8161666257247,-56.52474353928211,-13.534129981889889,803.2349576644739,9545.193383639757,-14.442252928273456,202.01303060348533,-33.5428725659401,-19.61142989950635,671708.3497480971,-27.07163214341486,13069.082365598442
136.60598516318706,-911.7512819156416,-1908.8105039445097,-17482.243544483787,82.4074637180563,-70.69032591631456,1582.9434468579504,-10038.188304835332,139368.88521862924,-113.4783814962333,-1729.0781809662376,-448.94297702472403,-955.8323683998009,0.008396633683824302,-225.8796024627518,-16910.47954617196,-708.6125150503758,116970.14373724874,-2573.504408836843,26256.878828296205,-141.11002288205088,20784.570869598163,12196.511576048964,-492.80882863015006,-629.2627095250464,310959.08217550046,-5106.694448233558,26608.603556588136,349092.53513259295,-27.071632143284553,1353127.5263381868,-539.0900569201157
-10799.89303419244,-11912.351553386035,-494.6404925089485,-180.37357247744217,-3341.975929486227,108996.39911751945,-643.193943686058,-220.15415856669975,-1431.4915578905006,250395.12899131066,-9801.836151784626,-389.5715949835539,662171.157361068,-3453.6001754701297,27878.63121352746,74.81795082956256,-468.14302380599946,-63.26285458913214,-545.8911632524655,2036.3632928461527,-2849.2720791168094,-1038.8159103688677,-903.2515538176488,-1663.2459213080326,1258641.0205387564,-317.85685515050517,-226.90380894748498,-1319.8449858770532,-398.24737071252116,13069.082365598704,-539.0900569201157,1433027.5189366813
