0,1,2,3,4,5,6,7,8,9,10,11,12,13,14,15,16,17,18,19,20,21,22,23,24,25,26,27,28,29,30,31
2726376.0398606923,26.047783137592603,53.972657544949506,-1063.5777705800767,42.903086748300574,-230.8294316645027,3.7657358219897983,30.59772740373078,-1509.7382279471572,549.0031439848838,-12.086631846115178,282.1278141010674,736932.534552506,8460.103726541867,-32609.562939907457,-2349.5755662583097,-13565.759626601422,-1709.1376765132234,285898.6913092982,2312103.3686575918,-401.42816950637655,-17054.130855145795,-11421.676618410082,877581.7865001335,543.6690942866275,-20954.930500686696,-1600.5125263222344,-26345.23709199318,18.332705395549407,12.286396683380499,-34152.54166196904,-6.150642790321697
26.047783137592603,611023.3769992824,527689.4992014546,-3.327425020972828,352816.8937768818,-11.679975515237436,249853.51602488782,524117.7281039566,-212.6809119063992,-6655.173556893779,213490.79077419156,-22.84637482897071,79.83797728381326,0.4228531067418956,-4.06431413363011,13.298074413922139,6.11544567300838,-24.259775867616245,33.30386724467836,46.089255839592674,21.562296483597056,-8.203759601935209,-1.0588363252928914,22.446178161997555,-6521.604773464212,-13.796522856133379,44.896886152981935,-3.201276943694095,261039.48070683808,61993.68064000881,-26.795802368962672,48738.10015500776
53.972657544949506,527689.4992014546,1376429.9140849765,-12.18945685193491,485646.87999823946,-35.96009050825303,209387.5042659887,778624.641637528,-521.8908012026416,-13777.0077138498,193662.90801025365,-66.22300678520509,180.481244268697,-1.3503067946179097,-6.9236235862370075,50.7595604082088,67.0911096915365,-94.4687084308079,70.6725404657264,99.87309343167097,44.007068322815236,-16.240525020516845,-5.165644867717982,47.479621601440144,-14357.314722853193,-43.634617088410145,96.56069575581205,-7.633166040014641,248501.57146569988,73708.77760828915,-63.69841776627488,31314.605770323436
-1063.5777705800767,-3.327425020972828,-12.18945685193491,630985.7047220907,-1.779363083327849,-209.70494989755755,-0.9845217020405118,-6.467633343435066,-874.149435789983,-430.40194890574895,-0.06650943881829052,-1252.756718466927,-2693.3112717114004,-414.74469430785604,-17859.07748078055,3857.7227318599557,51759.11066854775,-3893.7592129886734,31100.512006865236,-860.1082849155233,-82.45384814993288,110470.56358106186,-1103.3217332615482,-181.93278695900796,-632.8487000421076,164158.6758736813,-6169.464647221924,-18813.833588351335,-1.068248912194771,0.7422734610986752,4.046753216901694,0.5999535786991286
42.903086748300574,352816.8937768818,485646.87999823946,-1.779363083327849,668896.834133086,-33.35323564582256,121985.68958462555,311082.05405529763,-531.187143278934,4785.24168789426,65736.65395250822,0.8961438462369209,104.0024777321814,4.573635034395854,-12.700548730351574,-185.1607457219629,-309.387636137548,-162.44001165310846,50.40963411013427,66.89706495716952,12.007312441790534,-144.56488559308892,3.013355017080335,33.828639559313395,849.3404891010573,-56.916782834034755,20.226362717049213,-4.2804681624131815,264915.20841399743,136528.93126422455,-28.873974247102456,8552.697521934919
-230.8294316645027,-11.679975516324857,-35.96009050825303,-209.70494989755755,-33.35323564582256,834424.206290233,-2.2986082000580486,-12.711457616727651,-3042.9735360439236,-558.2765878476691,-4.411485815741501,205495.61002888845,-110.1280573159435,-437.1090687875694,210.96469711469112,367166.2124281592,76155.80518105783,-12679.156225119024,-570.5612509699587,-260.1306181220792,10681.495301014764,17537.862097164263,-134.37921599161876,-178.78224623838173,-458.47367892715477,15.989015152809516,-5044.788845735543,-114.69012293026375,-10.423974717559199,-14.521651826993097,-28.63507759872568,-3.624376918610522
3.7657358219897983,249853.51602488782,209387.5042659887,-0.9845217020405118,121985.68958462555,-2.2986082000580486,322074.69548819755,270411.1031467424,-110.3063848237442,-5617.1935783849285,249826.3487106731,-15.456561825643488,23.320682666345235,-0.6187094945954388,-0.9555401030900936,38.9411444788279,47.73460554593668,-9.350417924030587,8.742769855156219,10.656054050973118,11.89161993415064,19.840088833376047,-0.6996333177737494,4.932935344300006,-4702.264804557935,4.0698863355820105,17.432940684961054,-1.2378222142412747,142215.2896274615,18755.197377169832,-10.25048342098242,94215.34572697013
30.59772740373078,524117.7281039566,778624.641637528,-6.467633343435066,311082.05405529763,-12.71145761618394,270411.1031467424,1037779.1056184743,-316.2109218899625,-15122.736796033863,321799.9245796906,-49.039854687389024,115.26669896201116,-1.4651975886954052,-3.175894366185238,103.70135667978425,139.28846126333934,-18.25200925570292,44.530438349278384,61.17837699399799,36.42047797490921,40.180227902236574,-3.534067807851965,28.994597952822076,-13341.05755623771,-6.399590577607769,73.41761894596577,-4.85790376999154,212287.01234275356,36901.89497914101,-43.112017987194264,68566.69722723898
-1509.7382279471572,-212.6809119063992,-521.8908012026416,-874.149435789983,-531.187143278934,-3042.9735360439236,-110.3063848237442,-316.2109218899625,1419024.0338175616,-15047.126680808538,-300.78902003566867,-4592.31248289032,-2696.2126028242415,-60.52282035906749,54.84037975285699,-2880.17085224517,-8444.667139832545,126248.0880905269,-1176.358460153405,-1646.4338287738542,712.9000380738204,-9834.376323235001,44.22653745639766,-772.9087110980453,-15901.416753309346,-9597.764698980973,21266.601697147573,129.99067663313343,-171.54500751239098,-294.0553580808202,-17.725314551456737,-170.53160525614788
549.0031439848838,-6655.173556893779,-13777.00771384871,-430.4019489062926,4785.24168789426,-558.2765878476691,-5617.1935783849285,-15122.736796033863,-15047.126680808538,2380786.1130738454,-9161.505638922537,6280.850652843111,1014.038940350661,301.7277511982695,-525.8101700005354,-23351.158861625583,-33849.32306913938,-9542.208064389346,784.1049334667111,723.4222748219586,-4928.973744895507,-19231.373533262606,227.10015177449037,389.433653573245,1790277.165253454,-8492.768547488196,-6396.366897208822,-1.5493411515303521,-340.0212253425736,4992.317372863697,-125.52544974312012,-1722.6079624941272
-12.086631846115178,213490.79077419156,193662.90801025365,-0.06650943881829052,65736.65395250822,-4.411485815741501,249826.3487106731,321799.9245796906,-300.78902003566867,-9161.505638922537,529897.5177295862,-25.806435555013188,2.018618150890618,-1.8169903384416857,-1.5764761385516237,65.15523705421585,70.2780884873116,-66.96974618054847,-1.2419773706172728,-8.169248352943338,15.13764105225719,36.456133631168015,-0.41422756407957834,-4.740028978337776,-7444.580313385791,14.118874958118765,2.1817475711958654,-1.3865172764191285,84894.31831296236,4796.687281162308,-8.572184508888054,140857.0285915563
282.1278141016111,-22.84637482897071,-66.22300678520509,-1252.756718466927,0.8961438473243429,205495.61002888845,-15.456561825643488,-49.039854687389024,-4592.31248289032,6280.850652843111,-25.806435555013188,676660.7829315558,326.94891913416166,412.2364961726761,-214.00788041027158,29985.253833508246,-54052.33780958118,-13959.740259165781,397.726725533725,327.541680155478,74969.26193134651,-31152.670042635495,167.9196325192615,196.72834942058256,8515.229229593951,-13705.611372422714,-773.2435715557233,214.5258981733592,-4.140131419950256,8.67698319339333,12.8354517695506,-5.944870695173098
736932.534552506,79.8379772835414,180.481244268697,-2693.3112717114004,104.0024777321814,-110.1280573159435,23.320682666345235,115.26669896201116,-2696.212602824785,1014.038940350661,2.018618150618762,326.94891913416166,1771026.6250089623,11831.066721337196,-20191.77368295082,-2253.7109134972543,-15020.210247666564,-4305.7992553003505,258241.43048426823,754588.1390337009,-833.9100413869875,-21577.255257583918,-8037.025230134761,261882.18959013085,998.378169762657,-28907.79495916574,-4946.7645296169985,-15787.477011501784,46.895100570925955,26.054852878815712,-12427.503940364877,-5.089945242633537
8460.103726541867,0.4228531067418956,-1.3503067951616208,-414.74469430785604,4.573635034395854,-437.1090687881131,-0.6187094945954388,-1.4651975892391162,-60.52282035906749,301.7277511982695,-1.8169903384416857,412.2364961732198,11831.066721337196,995078.9357901693,52547.83803678022,-3234.654152120742,-20710.630262856117,48.91169265508077,198588.9891960282,11486.701926170605,-164.03736804230795,-23907.42587664349,-5246.411545193631,1301.6234012604955,359.84678493236856,-12966.40105928799,195.49590592370376,233560.53486211374,1.4239264436129082,2.427854031080406,-470.8992741834557,-0.3105313971707869
-32609.562939907457,-4.06431413363011,-6.9236235862370075,-17859.07748078055,-12.700548730351574,210.96469711469112,-0.9555401030900936,-3.175894366185238,54.84037975285699,-525.8101700005354,-1.5764761385516237,-214.00788041027158,-20191.77368295082,52547.83803678131,1281554.7728744438,1532.8732613443706,873.5679444117784,345.1438994677056,-69294.58314456051,-39835.5558680933,-219.3469367900061,-14174.87224282011,93099.73871421376,-33902.406850138475,-607.3635975857651,-23433.12487120649,877.962235410575,190633.3935189276,-4.190571321881253,-5.908756009133702,-540.4564935543616,-1.3596366859308509
-2349.5755662583097,13.298074413922139,50.7595604082088,3857.7227318599557,-185.1607457219629,367166.2124281592,38.9411444788279,103.70135667978425,-2880.17085224517,-23351.158861625583,65.15523705421585,29985.253833508246,-2253.7109134972543,-3234.654152120742,1532.8732613443706,1146447.388285831,415453.9948778699,-14216.459909714855,-4261.176239259713,-2692.5129937006036,-11923.1192279563,182047.92640962658,-1129.8941245104706,-1643.066414674264,-28782.147551132035,67543.09755189483,-7119.306506251025,-1236.4420922692811,-44.29686446985825,-107.42965905978701,-160.41379656195204,1.7979766983651204
-13565.759626601422,6.11544567300838,67.0911096915365,51759.11066854775,-309.387636137548,76155.80518105783,47.73460554593668,139.28846126333934,-8444.66713983309,-33849.32306913938,70.2780884873116,-54052.33780958118,-15020.210247666564,-20710.630262856117,873.5679444117784,415453.9948778699,2730486.6454068813,-32725.330856273045,-21002.064650593642,-15674.696464129545,-7697.933314041748,1402757.9411482045,-4624.026877645585,-8882.702231101326,-42014.212109565524,630491.9666621943,-33816.660592730346,-12085.78185356471,-77.7173442665547,-177.6133516214466,-494.99838528633205,-10.18929292991985
-1709.1376765132234,-24.259775867616245,-94.4687084308079,-3893.7592129886734,-162.44001165310846,-12679.156225119024,-9.350417924030587,-18.25200925570292,126248.0880905269,-9542.208064389346,-66.96974618054847,-13959.740259165781,-4305.7992553003505,48.91169265508077,345.1438994677056,-14216.459909714855,-32725.330856273045,1379067.0452888985,-1948.4893771832064,-1726.5470645542698,77608.111651128,-37382.32453039182,150.5681368618358,-685.5575015778237,-5579.144750203589,-41095.69193162559,148723.50209404633,574.7713632606343,-40.75490208237629,-102.68964850849474,-219.00513120314218,-50.47133949252542
285898.6913092982,33.30386724467836,70.6725404657264,31100.512006865236,50.40963411013427,-570.5612509705024,8.742769855156219,44.530438349278384,-1176.358460153405,784.1049334667111,-1.2419773706172728,397.7267255342687,258241.43048426823,198588.9891960282,-69294.58314456051,-4261.176239259713,-21002.064650593642,-1948.4893771832064,1798188.3256642486,356072.8465043981,-545.5845659239648,-16150.05478574071,-29994.04659185009,204573.2152985429,828.1158661078192,17.860072402555378,-2281.2502620200676,-22720.3159253474,21.59349527933221,15.005634579730446,-7387.500992816793,-2.1270727567375367
2312103.3686575918,46.089255839592674,99.87309343167097,-860.1082849155233,66.89706495716952,-260.1306181220792,10.656054050973118,61.17837699454171,-1646.4338287743979,723.4222748222305,-8.169248352943338,327.541680155478,754588.1390337009,11486.701926170605,-39835.5558680933,-2692.5129937006036,-15674.696464130631,-1726.5470645542698,356072.8465043981,2826525.8711224445,-441.3743456702926,-19739.151431909875,-11266.359175444526,1032927.5702574062,716.1375391249852,-24184.587729783132,-1689.2779270756027,-32295.330747315005,29.40160273910984,18.00773965520328,-38747.664918375456,-6.1957531984065195
-401.42816950637655,21.562296483597056,44.007068322815236,-82.45384814993288,12.007312441790534,10681.495301014764,11.89161993415064,36.42047797490921,712.9000380749078,-4928.973744895507,15.1376410528009,74969.26193134651,-833.9100413869875,-164.03736804230795,-219.3469367900061,-11923.1192279563,-7697.933314041748,77608.111651128,-545.5845659239648,-441.3743456702926,525954.3260295017,9551.594107937757,68.2431415268645,-180.28859600058044,-6218.734153253672,6466.449338996409,32962.0198496365,-80.82049516233506,8.386423200356223,-1.5762923844861454,-15.956131494818653,2.858658207122428
-17054.130855145795,-8.203759601935209,-16.240525020516845,110470.56358106186,-144.56488559308892,17537.862097164263,19.840088833376047,40.180227902236574,-9834.376323235001,-19231.373533262606,36.456133631168015,-31152.670042635495,-21577.255257583918,-23907.42587664349,-14174.87224282011,182047.92640962658,1402757.9411482045,-37382.32453039182,-16150.05478574071,-19739.151431909875,9551.594107937757,2402217.534096429,-2733.484255749781,-10166.370581361913,-24746.507483430236,1197517.458059196,-52589.58557926249,-21910.954313944905,-38.217237678685635,-76.39028592993499,-153.52895179904155,-0.16727513323670518
-11421.676618410082,-1.0588363252928914,-5.165644867717982,-1103.3217332604606,3.013355017080335,-134.37921599161876,-0.6996333177737494,-3.534067807851965,44.22653745585394,227.10015177449037,-0.41422756407957834,167.9196325192615,-8037.025230134761,-5246.411545194719,93099.73871421376,-1129.8941245104706,-4624.026877645585,150.5681368618358,-29994.04659185009,-11266.359175444526,68.2431415268645,-2733.484255749781,1247071.3488429214,16748.46337608472,265.47176310564527,-1629.3463315590782,144.54168525813597,20510.1614575096,0.5969113560631382,2.35418455967144,-859.2573529243293,0.47530079801964925
877581.7865001335,22.446178161997555,47.479621601440144,-181.93278695900796,33.828639559313395,-178.78224623783802,4.932935344300006,28.994597952822076,-772.9087110980453,389.433653573245,-4.740028978337776,196.72834942003885,261882.18959013085,1301.6234012604955,-33902.406850138475,-1643.066414674264,-8882.702231101326,-685.5575015778237,204573.2152985429,1032927.5702574062,-180.28859600058044,-10166.370581361913,16748.46337608472,2382990.489639163,390.35452741221025,-11774.710610302205,-563.2887773341184,-29038.173627095697,14.71816926928537,9.462130218251318,-53708.55566130644,-3.1951852033156714
543.6690942860838,-6521.604773464212,-14357.314722853193,-632.8487000421076,849.3404891010573,-458.47367892715477,-4702.264804557935,-13341.05755623771,-15901.416753309346,1790277.165253454,-7444.580313385791,8515.229229593951,998.3781697632007,359.84678493236856,-607.3635975857651,-28782.147551132035,-42014.212109565524,-5579.144750203589,828.1158661078192,716.1375391249852,-6218.734153253672,-24746.507483430236,265.47176310510156,390.3545274116665,2500238.715368761,-11365.577534714665,-7215.53537763765,16.85439841589281,-1277.7389533472817,2775.8257225801412,-119.49559817492627,-1562.1574736229268
-20954.930500686696,-13.796522856133379,-43.634617088410145,164158.6758736813,-56.916782834034755,15.989015152809516,4.0698863355820105,-6.399590577607769,-9597.764698980973,-8492.768547488196,14.118874958118765,-13705.611372422714,-28907.79495916574,-12966.40105928799,-23433.12487120649,67543.09755189483,630491.9666621943,-41095.69193162559,17.860072402555378,-24184.587729783132,6466.44933899532,1197517.458059196,-1629.3463315590782,-11774.710610302205,-11365.577534714665,2068825.1659319352,-67591.15545311675,-25833.496754925192,-17.17025036802904,-24.33567492929446,161.6677060685071,2.6594581295432413
-1600.5125263222344,44.896886152981935,96.56069575581205,-6169.464647221924,20.226362717049213,-5044.788845735543,17.432940684961054,73.41761894596577,21266.601697147573,-6396.366897208822,2.1817475711958654,-773.2435715557233,-4946.7645296169985,195.49590592370376,877.962235410575,-7119.306506251025,-33816.660592730346,148723.50209404633,-2281.2502620200676,-1689.2779270756027,32962.0198496365,-52589.58557926249,144.54168525759226,-563.2887773341184,-7215.53537763765,-67591.15545311675,865855.8539913681,1014.428885021958,17.342174214566175,-10.658821135181022,-132.84478694755842,-8.422125716347743
-26345.23709199318,-3.201276943694095,-7.633166040014641,-18813.833588351335,-4.2804681624131815,-114.69012293026375,-1.2378222142412747,-4.85790376999154,129.99067663313343,-1.5493411515303521,-1.3865172764191285,214.5258981733592,-15787.477011501784,233560.53486211374,190633.3935189276,-1236.4420922692811,-12085.78185356471,574.7713632606343,-22720.3159253474,-32295.330747315005,-80.82049516233506,-21910.954313944905,20510.1614575096,-29038.173627095697,16.85439841643652,-25833.496754925192,1014.428885021958,830151.2959259782,-1.817375306764054,-1.2153050040440516,246.70836113364564,-0.38964852115719417
18.332705395549407,261039.48070683808,248501.57146569988,-1.068248912194771,264915.20841399743,-10.423974717559199,142215.2896274615,212287.01234275356,-171.54500751239098,-340.0212253425736,84894.31831296236,-4.140131419950256,46.89510057146966,1.4239264436129082,-4.190571321881253,-44.29686446985825,-77.7173442665547,-40.75490208237629,21.59349527933221,29.40160273910984,8.386423200356223,-38.217237678685635,0.5969113560631382,14.71816926928537,-1277.7389533472817,-17.17025036802904,17.342174214566175,-1.8173753064921985,302827.96810200426,91943.00060990127,-13.735885341859893,21340.091251478087
12.286396683380499,61993.68064000881,73708.77760828915,0.7422734610986752,136528.93126422455,-14.521651826993097,18755.197377169832,36901.89497914101,-294.0553580808202,4992.317372863697,4796.687281162308,8.67698319339333,26.054852879087566,2.4278540308085503,-5.908756009133702,-107.42965905978701,-177.6133516214466,-102.68964850849474,15.005634579730446,18.00773965520328,-1.5762923844861454,-76.39028592993499,2.35418455967144,9.462130217843535,2775.8257225801412,-24.33567492929446,-10.658821135181022,-1.2153050040440516,91943.00060990127,196944.98009750425,-6.028946525753667,12559.102691781854
-34152.541661967945,-26.795802368690815,-63.69841776634284,4.046753216901694,-28.87397424696653,-28.63507759872568,-10.250483421118346,-43.11201798733019,-17.725314552000448,-125.52544974257641,-8.572184508888054,12.835451769278745,-12427.503940362703,-470.8992741834557,-540.4564935543616,-160.4137965622239,-494.99838528660393,-219.00513120341404,-7387.500992817337,-38747.66491837654,-15.956131494818653,-153.52895179904155,-859.2573529226983,-53708.55566130644,-119.49559817438256,161.66770606877893,-132.84478694755842,246.7083611331019,-13.735885342131747,-6.028946525617739,1323301.905097025,-0.9824784280748414
-6.150642790049841,48738.10015500559,31314.605770335394,0.5999535789709841,8552.697521934919,-3.6243769196979443,94215.34572703646,68566.69722723898,-170.53160525614788,-1722.6079624952145,140857.0285915563,-5.944870696260519,-5.089945242633537,-0.31053139798635343,-1.3596366859308509,1.7979766999962534,-10.189292930735416,-50.471339493069145,-2.127072757009392,-6.1957531984065195,2.858658207122428,-0.16727513296484967,0.47530079869928793,-3.1951852033156714,-1562.1574736207522,2.6594581295432413,-8.422125716347743,-0.38964852115719417,21340.091251478087,12559.102691780769,-0.9824784280748414,175029.46293331785
