0,1,2,3,4,5,6,7,8,9,10,11,12,13,14,15,16,17,18,19,20,21,22,23,24,25,26,27,28,29,30,31
630270.8162242892,6099.782671093749,-726.0825069354127,-522.3448304048832,-16.567752090566497,-1216.271950403833,31130.93118907266,-35.46998116708168,13951.791772329045,-294.032482995573,-47.299140505691106,2521.31224547787,36400.51846157363,73878.50896779573,-254.16672732975718,27.56298302794798,-1756.7010531637757,-160.79381816227263,-1505.7484630221065,-904.0332212018668,836.0711522648672,1131.3887825720813,78.15421125610496,-1074.1727375158284,-331.52652515577586,-323.7162283719421,-479.2447049368085,-691.3362212350397,-23.19763851627508,742.3211311947797,-18.114492079936696,184027.05680502608
6099.782671094009,1675225.0415062052,-4898.886215949122,8.405412620917641,-121.25937188790878,20396.357384784365,-8763.000713122992,-648.0711596594524,-5730.992263441921,23.701552296470993,100.33680389009128,-7373.086535906014,-52490.61995509705,-96265.30423974773,19.58795816711224,161.9930314849577,62187.870392353914,-105.5033500748562,-347.28061170415486,31627.43828646742,-1138.6848366018562,-800.109558925287,50.79565487926505,-7044.043923706388,13265.355775801114,8038.634153613291,6587.384985912921,5444.882680107493,0.01442310963136285,-6797.701427097206,-4.060077265318685,-33163.56973607613
-726.0825069354127,-4898.886215949122,837791.6020310719,-1946.1615650707804,504.155432069568,236828.2774783673,-255.74359138051926,7301.873946268072,-318.340990143471,-2109.598868831325,-1983.2465929767147,-2180.1052991469214,155.54145096868126,150.01813192810337,-1920.910106370652,-2816.6275816409393,81586.5979197367,-3277.3176479075655,-24.107854216583377,54743.08106919462,-306.62347731354123,-229.3856318600092,40.760819894820855,766655.0775395993,40548.49008134662,191957.01028617824,332054.1847448772,400395.0158180508,-290.74123863750117,-1671.36551948304,-101.16306885214559,-210.66280906274258
-522.3448304048832,8.405412620787331,-1946.1615650707804,1772246.3582830809,-12858.653135105458,-750.2685211178375,5224.115668889473,-33572.88165229213,8776.981379828298,555102.7066934784,141340.86317278564,-12728.482269026988,-255.57617135230882,-560.0395980277423,457289.08194198296,171198.6478859962,-259.49306084484107,-5654.6600551033525,-5061.430788363157,-126.04050422662615,69643.61408918287,117477.58134257267,-31341.63398214818,-2873.8501207853483,-136.79635868441704,-726.9779263211212,-1586.2646068163622,-2997.3529633413264,29942.390783184255,-12147.864001792434,21213.148990258964,-2557.1861413204183
-16.567752090566497,-121.25937188790878,504.155432069568,-12858.653135105458,2173301.7774198437,-67.98398194908685,-108.81283065896011,11952.070536503117,-84.47034007308703,-16948.34138259521,-6652.010395099257,46.59419504951226,-12.105078919030499,-30.02531052074683,-12817.7130758443,-6612.167613009501,-246.17796883568755,34.15470467935173,-196.487039854434,-123.44364421125606,-457.28046866741926,-827.1223521583076,283.5711357007349,706.5422228265968,25.906019617208415,300.7772660793702,680.3005300122335,1400.3913330894045,77316.12902982366,47.997434091234396,-44173.82927899517,-42.20792480128801
-1216.271950403833,20396.357384784365,236828.2774783673,-750.2685211178375,-67.98398194908685,790868.539669307,-636.0809009597206,653.941624936825,-612.30099086632,-605.363249598639,-662.7835921952991,-3742.2852636900097,-1910.5160476690476,-2787.3529349067435,-530.4883989877043,-1449.0535957448344,529611.987319348,-2592.472127439056,-43.16329887593114,373693.21839821484,-268.4416286900453,-173.07247041835905,16.979016017159307,286526.79120174644,97598.02001764029,32934.62533141273,33300.082022725546,34448.89935074904,-68.31966452745355,-2791.3787103376753,-24.747819479911175,-1532.3931540094163
31130.93118907266,-8763.000713122992,-255.74359138064955,5224.115668889473,-108.81283065896011,-636.0809009597206,1430827.6466833767,147.21537913898914,416419.77707896195,-4299.749944481072,-1727.3476335660177,32793.32163980085,2472.5714038213046,8269.84449092562,-3867.222362683187,-2605.045582041018,-1234.4170608311847,-746.2326281399295,-12373.446086586775,-623.8597737794213,149671.77266027872,158695.70892419686,-4677.327071888064,-391.57048024308835,-243.8479842257833,-199.47995300719128,-253.59518859957686,-339.18292124684166,-383.278084960698,48000.63363524333,-330.4616579799808,310125.3658698753
-35.46998116708168,-648.0711596594524,7301.873946268072,-33572.88165229213,11952.070536503117,653.941624936825,147.21537913911945,1372376.100527965,189.34427185662454,-43990.132249044196,-54838.77673481399,179.0751352839439,20.736208008007782,19.65685225887892,-40672.83623656944,-72946.53716132602,-1441.6622876310034,897.0868563336699,53.94470845316298,-717.2689295404822,-629.8447155325103,-1800.4780413313415,831.4916513434896,10527.209438951932,445.8124596707927,3550.650572850717,7866.300017627235,15471.034401122295,-8137.705729552312,207.17896852790426,-1782.3273869507382,54.29357393711804
13951.791772329045,-5730.992263441921,-318.340990143471,8776.981379828298,-84.47034007308703,-612.30099086632,416419.77707896254,189.34427185636392,1017353.1247361399,-3155.217753179667,-1806.315883683364,74629.23032012784,595.9736744317213,2830.2951630017124,-2889.2889296036797,-3056.9174222462293,-998.2537487273341,-888.7975549733178,-7325.368966295789,-493.29209542239596,235002.52876209992,117233.42402124021,-3283.6699243325393,-493.12089044878536,-172.61445324117403,-137.65516345540686,-184.7744323873832,-252.90966727919806,-309.1468647208964,102881.16450087518,-249.8618091178272,142450.52680696826
-294.032482995573,23.701552296470993,-2109.598868831325,555102.7066934779,-16948.34138259521,-605.3632495984434,-4299.749944481072,-43990.132249044196,-3155.217753179667,1978249.0728089274,159486.05708855332,-5123.929969265825,-130.31222714858393,-290.1002129628896,1671054.6086911918,126194.95399870476,-96.35309362222704,-3434.0060748068945,-1989.1788823185664,-52.88429872569013,9020.714461465428,22074.860396980246,-19972.956205127575,-3079.4603216111295,-165.26865926900985,-902.4226355535403,-1957.4133094398678,-3735.2625383408226,136004.07607070153,-4957.741058669511,80332.87825840886,-2042.7971892802418
-47.299140505691106,100.33680389009128,-1983.2465929767147,141340.86317278564,-6652.010395099257,-662.7835921952991,-1727.3476335660177,-54838.7767348145,-1806.315883683364,159486.05708855332,763692.3714253351,-3554.591649940934,-32.741819750848734,-71.10167040897709,136898.92615908876,387304.3481420828,-147.93718387386207,-3556.441944458798,-475.4025897699447,-70.56163942150944,630.5064888740237,6042.1038161476845,-3579.433940650543,-2914.726528033892,-133.6368731360524,-773.9424430230147,-1694.9065677362405,-3224.332811107811,12129.009374121262,-3352.8202852744225,3698.3466004209768,-649.7599595522422
2521.31224547787,-7373.086535906014,-2180.1052991469214,-12728.482269026988,46.59419504951226,-3742.2852636900097,32793.32163980085,179.0751352839439,74629.23032012784,-5123.929969265825,-3554.591649940934,1033212.7268220101,-4315.193948141446,-7941.8347431090515,-4220.035305350887,-7771.2864551816865,-5793.401592134789,2122.7568637351633,-776.024527072274,-2810.035477453785,-12687.436400343171,-6274.18051638343,369.41906802398523,-3240.3591903849983,-948.5791922040289,-848.2870078822144,-1279.394900492627,-1950.2769771226842,-292.9524184152378,737170.8603503634,-175.11866440935069,17631.480734219767
36400.51846157363,-52490.61995509705,155.54145096868126,-255.57617135230882,-12.105078919030499,-1910.5160476690476,2472.5714038213046,20.736208008007782,595.9736744317213,-130.31222714858393,-32.741819750848734,-4315.193948141446,927450.9367202672,621846.7845913897,-113.87669002667671,-23.694019576468392,-5336.49137022382,-32.60318677453822,-625.9750280266608,-2737.280709157396,-464.4085740506204,-414.5039412532924,50.4682657548687,230.0849338331154,-1159.4875734295076,-785.8019897591143,-761.7293838510823,-797.6790723343946,-11.459527228822736,-3275.285820216525,-11.539305704299078,86045.55387101365
73878.50896779573,-96265.30423974773,150.01813192810337,-560.0395980277423,-30.02531052074683,-2787.3529349067435,8269.84449092562,19.65685225887892,2830.2951630017124,-290.1002129628896,-71.10167040897709,-7941.8347431090515,621846.7845913897,1404337.505969815,-253.12606561233207,-54.02200424209888,-7656.030821607419,-71.17721969458687,-1041.7527245475883,-3929.427444615079,-717.3786948205073,-684.4873236969465,66.25564755143213,223.59153758439177,-1663.0713827189797,-1141.9964615734928,-1128.1891245799593,-1207.02816146124,-25.04938990043156,-5855.385701444363,-26.109966232699804,193750.30578685002
-254.16672732975718,19.58795816711224,-1920.910106370652,457289.08194198296,-12817.713075844562,-530.4883989877043,-3867.222362683187,-40672.83623656944,-2889.2889296036797,1671054.6086911918,136898.92615908876,-4220.035305350887,-113.87669002667671,-253.12606561233207,1913657.2036286383,103306.80389729212,-68.89795108664416,-2879.8062162372103,-1671.3885977128054,-39.70577878835301,6788.385412995533,17339.583202487105,-17772.92707353415,-2800.1922926641532,-152.41576818037538,-833.9536981044154,-1807.885601833199,-3453.9960259902086,160074.19128593514,-4088.1853849762497,90741.37024174878,-1763.8771883313948
27.56298302794798,161.9930314849577,-2816.6275816409393,171198.6478859962,-6612.167613009501,-1449.0535957448344,-2605.045582041018,-72946.53716132602,-3056.9174222462293,126194.95399870476,387304.3481420828,-7771.2864551816865,-23.694019576468392,-54.02200424209888,103306.80389729212,1282465.3467962185,-748.2348496356826,-6379.323636855823,-598.8358479680852,-362.7254397012549,-1556.8779567100598,7611.298245504736,-3989.0143639163093,-4175.704397019437,-204.5901036058316,-929.6702690035047,-2023.4212748605476,-3771.2699693186814,6638.143001498336,-7237.944343769998,2909.3314867478625,-788.0823346170522
-1756.7010531637757,62187.870392353914,81586.5979197367,-259.49306084484107,-246.17796883568755,529611.987319348,-1234.4170608311847,-1441.6622876310034,-998.2537487273341,-96.35309362203157,-147.93718387386207,-5793.401592134789,-5336.49137022382,-7656.030821607419,-68.89795108683963,-748.2348496356826,1213334.9949748546,-1800.2863240908741,-92.4815343402788,574284.6368021056,-283.85063854828775,-169.33831396723684,9.559786817021703,106350.79666651995,184648.7256090481,79777.83786969645,56445.67599450993,40479.56590828463,-1.2633913530188605,-4357.675340775836,-3.130845174980701,-3690.096735176199
-160.79381816227263,-105.5033500748562,-3277.3176479075655,-5654.6600551033525,34.15470467935173,-2592.472127439056,-746.2326281399295,897.0868563336699,-888.7975549733178,-3434.0060748068945,-3556.441944458798,2122.756863734903,-32.60318677453822,-71.17721969484748,-2879.8062162372103,-6379.323636855823,-1800.2863240908741,417099.32107483206,21.319902381593646,-836.5517198733593,-635.97242720265,-846.3331319022426,130.9237931312884,-5051.712824348011,-161.83140024891767,-525.4321816629954,-1184.3619434846646,-1977.0121993256614,-243.4791143972545,1857.9054165528019,-99.0747557575516,-407.4326481726267
-1505.7484630221065,-347.28061170415486,-24.107854216713687,-5061.430788363157,-196.487039854434,-43.16329887593114,-12373.446086586775,53.94470845329329,-7325.368966295789,-1989.1788823185664,-475.4025897699447,-776.024527072274,-625.9750280266608,-1041.7527245475883,-1671.3885977128054,-598.8358479680852,-92.4815343401485,21.319902381593646,828772.5315639161,-49.25576434878744,-5094.752496687004,-5573.425596065397,-24601.23986138334,-33.39991247697879,-23.399152821742263,-26.902475991648704,-40.02144892128604,-60.87780409251598,-133.31561626717883,-982.2043109412283,-53.471708342344826,-5816.494720596749
-904.0332212018668,31627.43828646742,54743.08106919462,-126.04050422662615,-123.44364421125606,373693.21839821484,-623.8597737792911,-717.2689295404822,-493.29209542239596,-52.88429872569013,-70.56163942150944,-2810.035477453785,-2737.280709157396,-3929.427444615079,-39.705778788157545,-362.7254397012549,574284.6368021056,-836.5517198733593,-49.25576434878744,676918.8934057665,-141.58865251175916,-84.55079528464127,4.6800697448036255,62749.01678236591,226870.76890020107,106677.05510690679,80880.7306922974,63631.66200273193,-2.4005958354786605,-2121.3763715419177,-2.3452155287691627,-1894.451153606497
836.0711522648672,-1138.6848366018562,-306.62347731354123,69643.61408918287,-457.28046866741926,-268.4416286900453,149671.77266027872,-629.8447155325103,235002.52876209992,9020.714461465428,630.5064888740237,-12687.436400343171,-464.4085740506204,-717.3786948205073,6788.385412995533,-1556.8779567100598,-283.85063854828775,-635.97242720265,-5094.752496687004,-141.58865251175916,902670.0494737074,170797.82857823346,-5753.810468943591,-462.7747499700793,-53.013892164973925,-98.54128365593304,-188.7834474959515,-322.84990283355086,200.1080443067898,-8557.92825868965,79.26227521290316,24239.59321230474
1131.3887825720813,-800.109558925287,-229.3856318600092,117477.58134257267,-827.1223521581775,-173.07247041835905,158695.70892419686,-1800.4780413313415,117233.42402124021,22074.860396980246,6042.1038161476845,-6274.18051638343,-414.5039412532924,-684.4873236969465,17339.583202487105,7611.298245504736,-169.33831396723684,-846.3331319022426,-5573.425596065397,-84.55079528464127,170797.82857823346,876985.3247848235,-15580.885206389823,-345.52139409589455,-35.054505062734385,-78.72434698338442,-156.21889155672753,-277.248117466295,831.889827003815,-3639.283241279065,458.5712502258249,20081.56272641858
78.15421125610496,50.79565487900444,40.760819894820855,-31341.633982148698,283.5711357007349,16.979016017419923,-4677.327071888064,831.4916513434896,-3283.6699243325393,-19972.956205127575,-3579.433940650543,369.41906802398523,50.4682657548687,66.25564755143213,-17772.92707353415,-3989.0143639163093,9.559786817021703,130.9237931312884,-24601.23986138334,4.6800697448036255,-5753.810468943591,-15580.885206389823,736077.4105643699,60.31696582890567,3.7579167282988437,15.933025258355613,34.11382876921321,64.30899293034084,-1433.215228392122,289.8924321181887,-3082.322598613431,-367.9232437997575
-1074.1727375158284,-7044.043923706388,766655.0775395993,-2873.8501207853483,706.5422228265968,286526.79120174644,-391.57048024308835,10527.209438951932,-493.12089044878536,-3079.4603216111295,-2914.726528033892,-3240.3591903849983,230.0849338331154,223.59153758439177,-2800.1922926641532,-4175.704397019437,106350.79666651995,-5051.712824348011,-33.39991247697879,62749.01678236591,-462.7747499700793,-345.5213940960248,60.31696582890567,1169294.6076211045,33289.077787681206,175073.5123700391,335584.6928243346,455602.3241873415,-421.26316513911166,-2477.1083972506267,-145.93397730421023,-313.6339060913469
-331.52652515577586,13265.355775801114,40548.49008134662,-136.79635868441704,25.906019617208415,97598.02001764029,-243.8479842257833,445.8124596707927,-172.61445324117403,-165.26865926900985,-133.6368731360524,-948.5791922040289,-1159.4875734295076,-1663.0713827189797,-152.41576818037538,-204.5901036058316,184648.7256090481,-161.83140024891767,-23.399152821742263,226870.76890020107,-53.0138921647133,-35.054505062734385,3.7579167282988437,33289.077787681206,341766.8703155393,207941.92765033498,175490.24072401546,149097.4923139822,-25.113032638948003,-731.642941605177,-9.83408172005073,-788.8298757780237
-323.7162283719421,8038.634153613291,191957.01028617824,-726.9779263211212,300.7772660793702,32934.62533141273,-199.47995300719128,3550.650572850847,-137.65516345540686,-902.4226355535403,-773.9424430230147,-848.2870078822144,-785.8019897591143,-1141.9964615734928,-833.9536981044154,-929.6702690035047,79777.83786969645,-525.4321816629954,-26.902475991648704,106677.05510690679,-98.54128365593304,-78.72434698338442,15.933025258355613,175073.5123700391,207941.92765033498,583339.7881817481,527300.080420028,462797.60444700986,-134.45562387072292,-682.4718666835062,-48.734907395505566,-586.6336122277213
-479.2447049368085,6587.384985912921,332054.1847448772,-1586.2646068163622,680.3005300122335,33300.082022725546,-253.59518859957686,7866.300017627235,-184.7744323873832,-1957.4133094398678,-1694.9065677362405,-1279.394900492757,-761.7293838510823,-1128.1891245799593,-1807.885601833199,-2023.4212748605476,56445.67599450993,-1184.3619434846646,-40.02144892128604,80880.7306922974,-188.78344749569087,-156.21889155672753,34.11382876921321,335584.6928243346,175490.24072401546,527300.080420028,1032988.5169528122,913562.2345841203,-289.72413232712836,-1041.1350682925386,-104.51486263657456,-648.0605026620397
-691.3362212350397,5444.882680107493,400395.0158180508,-2997.3529633413264,1400.391333089502,34448.89935074904,-339.18292124710234,15471.034401122295,-252.90966727919806,-3735.2625383408226,-3224.332811107811,-1950.2769771226842,-797.6790723343946,-1207.02816146124,-3453.9960259900135,-3771.2699693186814,40479.56590828463,-1977.0121993256614,-60.877804092385674,63631.66200273193,-322.84990283355086,-277.248117466295,64.30899293034084,455602.3241873415,149097.4923139822,462797.60444700986,913562.2345841203,1732056.3791630897,-553.6924658363455,-1598.9382976725633,-200.9369591118109,-773.4676112963817
-23.197638516470548,0.01442310963136285,-290.74123863750117,29942.390783183993,77316.12902982366,-68.31966452732325,-383.278084960698,-8137.705729552312,-309.1468647208964,136004.076070701,12129.009374121262,-292.9524184152378,-11.459527228822736,-25.049389900236093,160074.19128593462,6638.143001498336,-1.2633913530188605,-243.4791143972545,-133.31561626717883,-2.4005958354786605,200.1080443067898,831.889827003815,-1433.215228392122,-421.26316513930715,-25.113032638948003,-134.45562387072292,-289.72413232712836,-553.6924658363455,658505.3848973549,-285.36318551582275,-31983.484562710386,-153.71706207655652
742.3211311947797,-6797.701427097206,-1671.36551948304,-12147.864001792434,47.997434091234396,-2791.3787103376753,48000.63363524333,207.17896852790426,102881.16450087518,-4957.741058669511,-3352.820285274162,737170.8603503634,-3275.285820216525,-5855.385701444363,-4088.1853849762497,-7237.944343769998,-4357.675340775836,1857.9054165528019,-982.2043109412283,-2121.3763715419177,-8557.92825868965,-3639.283241279065,289.8924321181887,-2477.1083972506267,-731.642941605177,-682.4718666832455,-1041.1350682927991,-1598.9382976725633,-285.36318551582275,915295.7752674952,-172.63226450086174,29427.329357369872
-18.11449207974123,-4.060077265318685,-101.16306885208044,21213.148990258964,-44173.82927899542,-24.747819479911175,-330.46165798037174,-1782.3273869504774,-249.86180911769688,80332.87825841148,3698.3466004204556,-175.11866440935069,-11.539305704299078,-26.109966232699804,90741.37024175035,2909.3314867486447,-3.1308451746875057,-99.07475575742127,-53.471708341562966,-2.3452155288017402,79.26227521303346,458.57125022608557,-3082.3225986129096,-145.93397730407992,-9.834081719985576,-48.73490739547299,-104.51486263660713,-200.93695911174575,-31983.48456271143,-172.63226450086174,1022848.3084615147,-123.75588808123287
184027.05680502608,-33163.569736076395,-210.66280906274258,-2557.1861413196366,-42.20792480135316,-1532.393154009286,310125.36586987367,54.29357393711804,142450.5268069688,-2042.7971892805024,-649.7599595525029,17631.48073421925,86045.55387101365,193750.30578684952,-1763.8771883311342,-788.0823346167915,-3690.096735176199,-407.4326481728874,-5816.49472059753,-1894.451153606497,24239.593212305,20081.562726418837,-367.9232437992362,-313.6339060914771,-788.8298757778934,-586.6336122278515,-648.0605026624305,-773.467611296512,-153.71706207681714,29427.329357369872,-123.75588808123287,1456894.2831107615
