0,1,2,3,4,5,6,7,8,9,10,11,12,13,14,15,16,17,18,19,20,21,22,23,24,25,26,27,28,29,30,31
3732010.3033062406,-1.6382580053044215e-05,-0.04957099979521387,-4.729143946577041e-07,5.444119715568655e-08,-7.495574665163037e-08,0.006804554033317929,2.3995653869073548e-12,5.127735776024895e-11,-0.004399419302026057,3.420874985186705e-17,-0.020115301530345523,1.2077015951623237e-16,8.961763074965964e-17,-4.197611489622209e-15,-18.89492558359477,7.159482667322696e-05,4.149759823299964e-06,-4.189031000574053e-11,16889.70434475946,-3.983729949371851e-05,4.060666538626039e-08,24217.30256565195,0.0005443894209771559,0.02633609019887719,-4.1150562275706783e-10,-1.0462611104143511e-07,-3.405237128743079e-17,-385.7655745638765,6.205152259683788e-06,9.319362477450722e-10,1.0407187363660333e-06
-1.638258005304422e-05,3725587.681331064,-9.32740484814895e-06,-3.984894686786333e-10,1.6636729021201613e-09,5.043806677565412,-4.885516559529697e-10,-2.4458737142980937,0.00018051691352859585,2.0495496066914918e-07,-3.4328119961118297e-05,8.153028922506049e-07,-0.00019063246109593543,-0.0023605632140010864,-3.7769110368602357e-05,-7.401817180129364,5436.593059050524,-8.017959961533585e-09,0.050203438157753626,-3.415609515581397e-08,-0.2694293449517458,7587.504529441357,-1.4405121434221228e-07,9.356972631066738e-12,-2592.5515349340767,0.19564602120509034,-0.5841750501952228,-1.0037323372398408e-07,0.20113389326531217,-6.512257684259186e-14,0.0031869353537984533,-0.0003401689981715503
-0.04957099979521387,-9.32740484814895e-06,255436.43022362166,-0.05633056032049623,-2.3074848304098616e-13,-0.00014757171471232918,-8.229552251645094e-11,1.8561896778687983e-12,-2.5365451239945243e-06,-9.602676789437586e-10,1.6241105033232645e-15,-4.071294765947075e-09,6.029860770628303e-14,1.5096206647602106e-12,4.722365035676554e-13,0.22191409968193948,-9.469824250377299e-06,2.376222132241308,1.6296580222927138e-13,0.035622627879806176,0.9738753663128136,-9.030157123900045e-06,0.37688889634458955,0.2632203526143457,0.02523898429784309,-8.931506542514326e-12,1.0140379228142403e-09,1.3104058307007463e-14,-29.268038272355657,0.010185097238078932,-1.0759972019606242e-05,3.012013156994612
-4.729143946577041e-07,-3.984894686786333e-10,-0.05633056032049623,3733581.175206756,-4.682300276581146e-18,-0.0002443342402892748,3.3897253410279386e-15,-6.057118695707027e-14,-0.021901864761233764,7.347977102911145e-16,-2.2249898124695465e-16,3.077528042583277e-15,-5.952867814629824e-14,-7.350850634767361e-13,6.069592375302724e-10,7.964710971445105e-06,1.6287635974883738e-09,60654.240113816035,1.60176162409908e-18,7.063308120083616e-07,0.11823890736434572,-1.5890054913105932e-07,7.060764118629205e-06,-0.21469520480071871,-5.442480894555721e-06,2.3975063544783236e-15,-1.8855178814503383e-13,3.922584202486291e-12,0.0010182712577401526,-0.5709994656067575,-0.008589939480463011,575.8164393376788
5.444119715568655e-08,1.6636729021201613e-09,-2.3074848304098616e-13,-4.682300276581146e-18,1032865.7475029608,5.84563924378374e-14,5.473274394001499,-1.999215122308258e-10,2.865684724754029e-18,-2796.647689205577,1.427177500315234e-20,-590.0693970135776,2.1590391279408214e-17,3.529362572622155e-16,-5.734892878671158e-20,-2.1741836846257943e-06,1.037279135051738e-05,7.731632866400573e-19,1.5845430086685417e-08,-1.5740274116769e-08,8.182389715710899e-14,1.197277136763624e-11,-3.4237280666021216e-09,1.6545178765598037e-17,-1.0292915836398023e-08,-2.091376141715168e-05,-0.015081559271104215,-5.4997099898921504e-21,-1.9483224558773636e-09,1.7268752974751698e-19,4.692443185917044e-17,-2.7152711710219936e-15
-7.495574665163037e-08,5.043806677565412,-0.00014757171471232918,-0.0002443342402892748,5.84563924378374e-14,2968145.6979815224,-1.0610165512555663e-14,0.0010951544752337305,35.211133899949054,-9.111441454585644e-12,-4.195957279159483e-06,-1.0600688918265117e-11,-0.00012473611335479063,-0.003051480862177919,-0.013123945272265182,-0.0008023019818584066,-0.00818662335016581,-3.635420190401573e-05,-1.3885030789489736e-06,-6.108911913322062e-10,-1809.8548566190293,3074.67081091503,-5.644370955042963e-09,-4.4090225072967643e-10,10.190620272867267,1.8346136148433314e-08,-5.967863263241099e-07,-0.00022152711303217445,0.0048390198191215145,4.963226819527743e-10,929.1507652872587,-5.995538693025375
0.006804554033317929,-4.885516559529695e-10,-8.229552251645141e-11,3.389725341027938e-15,5.473274394001502,-1.0610165512555665e-14,3724328.082872281,1.4712816469006317e-14,-2.5788524739069e-18,819.0844962731327,1.4717073640869182e-21,2278.704787290321,-6.984913359780648e-21,-1.4145431587074048e-19,1.44239625273619e-21,8.606747831005361e-05,7.741202741615333e-08,5.2732196031360055e-15,-4.639555113054908e-12,0.0027756551737938397,8.888840873308438e-12,-4.310146808478713e-13,0.000683683622392561,2.3094993513857378e-12,2.2619042498855997e-08,6.763656573509642e-10,3.2138961729873617e-06,4.949052435211506e-24,7.019191137635099e-06,2.6546967827695462e-14,5.632684728434052e-18,2.7156933857531025e-13
2.3995653869073536e-12,-2.4458737142980964,1.856189677868799e-12,-6.057118695707027e-14,-1.999215122308258e-10,0.0010951544752337307,1.4712816469006317e-14,3720195.5389650627,-1.0245097348625621e-07,4.4551656566447484e-10,0.06759499785664963,2.0578457681565532e-10,0.10821886655591258,1.0720671942173141,-4.16378678672503e-05,1.4296876058798786e-06,-0.017079344558031336,-2.3003720943985314e-15,-5192.248774490193,4.631682033678333e-15,-3.3896899030705996e-08,-1.0791379333947981,2.4387977567035742e-14,-1.7627639339454958e-18,0.00036592279523948713,-41.143466723058275,0.08906732306038662,-3.3927411782322224e-06,-3.23399743610148e-08,5.3457094793778235e-20,-2.344022045064694e-06,-9.9237200085887e-10
5.1277357760248947e-11,0.00018051691352859585,-2.5365451239945243e-06,-0.021901864761233764,2.865684724754029e-18,35.211133899949054,-2.5788524739068997e-18,-1.0245097348625622e-07,3733210.916858755,-5.19558894850752e-16,1.3151295733292532e-07,-6.918530332055236e-16,0.00010204939488445794,6.456012288117615e-05,-0.8165649512299437,8.843604192353737e-07,-5.152873688362651e-07,-9.576441201617466e-05,1.5141505998834626e-10,5.605406966270107e-13,-12.81075434803085,0.029801926511018772,4.2174314041121666e-12,1.9545200990956558e-10,0.0014455968542170202,-1.3400606360732566e-12,-3.1078806291834516e-11,0.0008834024006944912,-5.922710723200888e-07,7.483605616362055e-10,206234.48711631558,-1.2802072826246655
-0.004399419302026057,2.0495496066914918e-07,-9.602676789437595e-10,7.347977102911145e-16,-2796.647689205577,-9.111441454585644e-12,819.0844962731328,4.4551656566447504e-10,-5.19558894850752e-16,3728071.0923616076,5.0708941711852387e-17,1814297.201706283,5.325502832717162e-17,-5.1879121582800333e-17,7.077492761227467e-18,-0.0003294845629507781,-0.0008610505545049147,4.082487091699e-15,-1.4387251807979917e-07,0.0001614764974650263,-9.388319272320784e-12,-1.4834367129670768e-09,3.1684592317705846e-05,1.2770292241981523e-13,-2.639099720206343e-07,1.0784989795517322e-05,0.06881067963184727,4.6302956798508965e-20,-4.305167678296455e-06,1.402601161904439e-15,-8.907835955518566e-15,-1.9042331575857136e-12
3.420874985186705e-17,-3.4328119961118297e-05,1.6241105033232645e-15,-2.2249898124695465e-16,1.427177500315234e-20,-4.195957279159483e-06,1.471707364086955e-21,0.06759499785664884,1.3151295733292532e-07,5.0708941711852387e-17,86879.35419239535,1.8471801073460418e-17,10900.330408898019,6749.30299459601,-0.5759312056563325,1.8890568830845117e-11,-8.455052332237341e-08,3.0564585651227823e-17,-2.2950200186631075e-05,8.25809715546342e-20,9.443163505836706e-10,-0.0004369467113060284,4.327720014163137e-19,-2.411041223938258e-22,-3.44856308493437e-09,-1.7188787327219443e-07,-6.987923733811765e-11,-0.05239016307497896,-5.294179109519698e-13,-4.607522479081752e-22,1.1265336263826185e-09,3.3011353910663435e-12
-0.020115301530345523,8.153028922506049e-07,-4.071294765947075e-09,3.077528042583277e-15,-590.0693970135776,-1.0600688918265117e-11,2278.704787290321,2.0578457681565532e-10,-6.918530332055236e-16,1814297.201706283,1.8471801073460418e-17,3731701.31998742,-2.4407898174333837e-17,-7.340046167946285e-16,5.1938952233665545e-18,-0.0017006957137095998,0.0001633292315285597,1.694869252545658e-14,-6.231023493176656e-08,0.0007511970897027243,-6.28043270861798e-11,-1.1714823771808316e-09,0.00014748854292064733,5.494245279417461e-13,-2.957842642862728e-06,7.285161578171629e-06,0.03271228225210675,3.423032217499752e-20,-1.4708440033262676e-05,6.0432519390322856e-15,-1.2665181596246271e-14,-8.264575678063368e-12
1.2077015951623237e-16,-0.00019063246109593543,6.029860770628303e-14,-5.952867814629824e-14,2.1590391279408214e-17,-0.00012473611335479063,-6.984913359780654e-21,0.10821886655591258,0.00010204939488445794,5.325502832717162e-17,10900.330408898019,-2.4407898174333837e-17,3593467.715524474,633631.5720279705,-353.9985457627813,1.3317284985766713e-10,-4.3134138896719617e-07,1.2451572749177928e-15,-4.626877088852879e-05,7.220944168947492e-19,-7.668231608175213e-08,-0.013683796793355433,6.388875107649551e-18,-1.5925794769885035e-20,-2.2329432854470244e-07,-2.408374030346245e-07,-7.30335562523802e-09,-5.15049248883046,-5.78799420600436e-12,-1.6393159789608506e-20,2.5326924017387945e-05,2.6102123768631486e-10
8.961763074965964e-17,-0.0023605632140010864,1.5096206647602106e-12,-7.350850634767361e-13,3.529362572622155e-16,-0.003051480862177919,-1.414543158707404e-19,1.072067194217314,6.456012288117615e-05,-5.187912158280038e-17,6749.30299459601,-7.340046167946285e-16,633631.5720279705,3725386.4240877964,-571.4523724327178,1.997167875268296e-09,-5.526231890613417e-06,1.3723763048462647e-14,-0.000557369629478432,1.0423664177489478e-17,1.8767533200269516e-06,-0.3275647344038914,1.170804645909659e-16,-2.037485556175928e-19,-5.6111264580507335e-06,-2.5098438954188237e-06,-1.1728943175559912e-07,-52.84042862865187,-9.540893818751323e-11,-2.9260247082699925e-19,-4.409533351694811e-05,-3.5915129786826524e-10
-4.19761148962221e-15,-3.776911036860236e-05,4.722365035676559e-13,6.069592375302724e-10,-5.734892878671159e-20,-0.013123945272265182,1.44239625273619e-21,-4.16378678672503e-05,-0.8165649512299439,7.077492761227464e-18,-0.5759312056563314,5.193895223366555e-18,-353.9985457627812,-571.4523724327179,3727342.4252237068,3.4124381170533994e-11,-8.662743043113569e-09,-4.01465023966609e-12,1.3711047256371609e-08,-2.370234742733889e-17,5.9001222033334955e-05,-0.04259901183683354,-1.9759172697745982e-16,-3.978907077130615e-17,-5.259341659096156e-07,1.0683404423252893e-10,2.0357733102192553e-12,95143.41356005381,1.7231858663911792e-10,5.249478996538673e-17,-0.29362110079540205,-1.4141650357097283e-06
-18.894925583594777,-7.401817180129366,0.2219140996819397,7.964710971445107e-06,-2.174183684625794e-06,-0.0008023019818583904,8.606747831005361e-05,1.4296876058798786e-06,8.843604192353735e-07,-0.00032948456295077823,1.8890568830845136e-11,-0.0017006957137096,1.3317284985766713e-10,1.997167875268298e-09,3.4124381170533994e-11,3691438.5431405646,-112.34023837630068,3.3589772203258242e-06,-1.1700923263316334e-06,-0.02436138958960396,-0.39365213349207245,-0.027212984255186697,0.053818531820991694,-1.9797985373954794e-06,3134.4911702023296,-4.168148979966705e-05,0.004995595633702899,-3.5669471909884855e-13,-33477.613190743374,-1.4796108055249746e-08,1.75777344477203e-05,0.008452574531224213
7.159482667322696e-05,5436.593059050524,-9.469824250377299e-06,1.6287635974883738e-09,1.037279135051738e-05,-0.00818662335016581,7.741202741615335e-08,-0.01707934455803131,-5.152873688362651e-07,-0.0008610505545049147,-8.455052332237341e-08,0.0001633292315285597,-4.3134138896719617e-07,-5.526231890613417e-06,-8.662743043113572e-09,-112.34023837630068,3443911.129464968,3.0944611435441817e-10,-0.019790667682924742,1.1066938219497651e-07,0.037566604955964436,1.6640799106958686,-9.683898463334317e-07,3.8113145036410304e-11,-625.3616130791536,0.2888656289124461,-348.29773018254167,1.3379794650238838e-11,0.7976910548156466,9.293897582480432e-14,-8.505538020318876e-06,3.031964408996555e-05
4.149759823299964e-06,-8.017959961533585e-09,2.3762221322413617,60654.240113816035,7.731632866400573e-19,-3.635420190401573e-05,5.273219603136001e-15,-2.3003720943985314e-15,-9.576441201617466e-05,4.082487091698999e-15,3.0564585651227823e-17,1.694869252545658e-14,1.2451572749177928e-15,1.3723763048462642e-14,-4.01465023966609e-12,3.3589772203258145e-06,3.0944611435441817e-10,3730516.939316929,-1.494169731302622e-16,-1.52775706384311e-06,0.08330304597796338,-8.088557569077725e-08,-2.0251150632625886e-05,-32.66785396433341,-4.447136735662487e-06,2.748179151286578e-15,4.7190489928032155e-14,7.109934830329089e-14,-0.000596629048196641,-103.1321833745413,-1.2004510620728838e-05,61.431663792634204
-4.189031000574053e-11,0.050203438157753626,1.6296580222927138e-13,1.60176162409908e-18,1.5845430086685417e-08,-1.3885030789489736e-06,-4.639555113054908e-12,-5192.248774490195,1.5141505998834626e-10,-1.4387251807979917e-07,-2.2950200186631075e-05,-6.231023493176656e-08,-4.626877088852879e-05,-0.000557369629478432,1.3711047256371602e-08,-1.170092326331631e-06,-0.019790667682924742,-1.494169731302622e-16,3728758.8747259076,5.5872745814278373e-14,-9.268915592022554e-09,0.0025115630067913002,-4.071250590600187e-14,2.8188788791562167e-19,0.00012948914051437804,65144.51424129189,-27.057084940552205,3.745158008199002e-09,5.6204780395052595e-09,1.0830123946297026e-20,3.5155782040740765e-09,-6.4659603546179755e-12
16889.70434475946,-3.415609515581397e-08,0.035622627879806176,7.063308120083616e-07,-1.5740274116769e-08,-6.108911913322062e-10,0.0027756551737938397,4.63168203367833e-15,5.605406966270108e-13,0.0001614764974650263,8.25809715546342e-20,0.0007511970897027243,7.220944168947492e-19,1.0423664177489478e-17,-2.3702347427338874e-17,-0.024361389589603946,1.1066938219497651e-07,-1.52775706384311e-06,5.5872745814278373e-14,3732780.911936964,1.1397648067245564e-07,3.6666146436439277e-11,681185.0345057532,-0.002654167236160651,5.411879137298007e-05,5.614631550944425e-13,2.065471903868778e-10,-1.9517011699967466e-19,-1.1067716491132964,-2.853491956516674e-05,8.067017949669672e-12,1.1948826951145193e-06
-3.983729949371851e-05,-0.2694293449517458,0.9738753663128136,0.11823890736434572,8.182389715710889e-14,-1809.8548566190293,8.888840873308429e-12,-3.3896899030705996e-08,-12.81075434803085,-9.388319272320784e-12,9.443163505836706e-10,-6.28043270861798e-11,-7.668231608175213e-08,1.8767533200269516e-06,5.900122203333498e-05,-0.3936521334920728,0.03756660495596442,0.08330304597796338,-9.268915592022554e-09,1.1397648067245564e-07,3722321.21109741,2.280805125459675,2.037465155760318e-06,1.1205335580598766e-06,-408.9591175691764,1.8530281087249267e-07,4.576787214074328e-07,4.192804493224852e-07,-1.14907768072265,-1.154901657306528e-06,-172.69850813672036,6344.081688287148
4.060666538626039e-08,7587.504529441357,-9.030157123900045e-06,-1.5890054913105932e-07,1.197277136763624e-11,3074.67081091503,-4.310146808478713e-13,-1.079137933394798,0.029801926511018772,-1.4834367129670766e-09,-0.0004369467113060284,-1.1714823771808316e-09,-0.013683796793355433,-0.3275647344038914,-0.04259901183683354,-0.027212984255186697,1.6640799106958686,-8.088557569077725e-08,0.0025115630067913002,3.6666146436439373e-11,2.280805125459675,3656129.826134454,-2.425136882838398e-10,3.2633026727365054e-12,107.46458515115397,2.2137912230653068e-05,-0.00047450986292906053,-0.0001052918663804414,5.159311930221569e-05,1.1392320511230412e-12,0.4870031846829596,-0.005359074164667204
24217.302565651946,-1.440512143422123e-07,0.3768888963445931,7.060764118629205e-06,-3.4237280666021216e-09,-5.64437095504296e-09,0.000683683622392561,2.4387977567035742e-14,4.217431404112169e-12,3.168459231770584e-05,4.3277200141631397e-19,0.0001474885429206473,6.3888751076495505e-18,1.170804645909659e-16,-1.9759172697745982e-16,0.053818531820991694,-9.683898463334317e-07,-2.0251150632625893e-05,-4.071250590600188e-14,681185.0345057532,2.0374651557603246e-06,-2.4251368828384e-10,3597551.9376103533,-0.014412001749944734,0.000204450067005554,-7.702343672462907e-13,-2.5154244581675734e-10,-1.637593842572845e-18,-6.5667070689898726,-0.00015691207621718083,6.74258070487704e-11,1.304260807401104e-05
0.0005443894209771557,9.35697263106674e-12,0.2632203526143453,-0.21469520480071871,1.654517876559802e-17,-4.4090225072967664e-10,2.3094993513857378e-12,-1.7627639339454958e-18,1.9545200990956558e-10,1.2770292241981523e-13,-2.4110412239382486e-22,5.49424527941746e-13,-1.5925794769885035e-20,-2.037485556175928e-19,-3.978907077130615e-17,-1.9797985373954794e-06,3.8113145036410304e-11,-32.667853964333396,2.8188788791562167e-19,-0.002654167236160652,1.1205335580598766e-06,3.2633026727365046e-12,-0.014412001749944734,3717610.320042986,-1.4601937158726626e-08,1.8807876184957794e-17,-2.7857252713116565e-15,3.067786221084934e-19,0.00037960528451343195,107326.74900925279,6.64163840701447e-11,0.0005379603721945295
0.02633609019887719,-2592.5515349340767,0.02523898429784309,-5.442480894555721e-06,-1.0292915836398023e-08,10.190620272867267,2.2619042498855997e-08,0.00036592279523948697,0.0014455968542170202,-2.639099720206343e-07,-3.44856308493437e-09,-2.957842642862728e-06,-2.2329432854470244e-07,-5.6111264580507335e-06,-5.259341659096157e-07,3134.4911702023296,-625.3616130791536,-4.447136735662487e-06,0.00012948914051437788,5.411879137298007e-05,-408.9591175691764,107.46458515115397,0.00020445006700555397,-1.4601937158726626e-08,3724382.495678236,-0.0026016479159538526,0.03150757637601836,-1.2368782665924736e-09,-275.5520419890566,6.981769801725174e-10,0.024496400194917438,-0.29352309961809253
-4.1150562275706783e-10,0.19564602120509034,-8.931506542514326e-12,2.3975063544783236e-15,-2.091376141715168e-05,1.8346136148433125e-08,6.763656573509641e-10,-41.14346672305829,-1.3400606360732566e-12,1.0784989795517322e-05,-1.7188787327219443e-07,7.285161578171629e-06,-2.408374030346245e-07,-2.5098438954188237e-06,1.0683404423252905e-10,-4.168148979966704e-05,0.2888656289124461,2.748179151286578e-15,65144.51424129189,5.614631550944425e-13,1.8530281087249267e-07,2.2137912230653068e-05,-7.702343672462907e-13,1.8807876184957797e-17,-0.0026016479159538526,3729715.6207000716,1296.8621247097299,3.626846613763446e-12,3.968994928401902e-07,-1.3652366882118915e-19,-2.493068779911174e-11,1.4968625269502516e-10
-1.0462611104143511e-07,-0.5841750501952228,1.0140379228142403e-09,-1.8855178814503383e-13,-0.015081559271104215,-5.967863263241099e-07,3.2138961729873634e-06,0.08906732306038662,-3.1078806291834516e-11,0.06881067963184727,-6.987923733811765e-11,0.03271228225210675,-7.30335562523802e-09,-1.1728943175559912e-07,2.035773310219251e-12,0.004995595633702898,-348.29773018254167,4.7190489928032155e-14,-27.057084940552205,2.065471903868778e-10,4.576787214074328e-07,-0.00047450986292906053,-2.515424458167576e-10,-2.7857252713116596e-15,0.03150757637601836,1296.8621247097299,3730499.978192909,1.7196070902530652e-12,-7.834705559414577e-05,3.661682806580611e-18,-5.319986245339212e-10,4.690156535924978e-10
-3.405237128743079e-17,-1.0037323372398408e-07,1.3104058307007463e-14,3.922584202486291e-12,-5.4997099898921504e-21,-0.00022152711303217445,4.9490524352115024e-24,-3.3927411782322215e-06,0.0008834024006944912,4.6302956798508965e-20,-0.05239016307497896,3.423032217499752e-20,-5.15049248883046,-52.84042862865187,95143.41356005381,-3.5669471909884855e-13,1.3379794650238838e-11,7.109934830329089e-14,3.745158008199002e-09,-1.9517011699967466e-19,4.192804493224852e-07,-0.0001052918663804414,-1.6375938425728454e-18,3.067786221084934e-19,-1.2368782665924736e-09,3.626846613763446e-12,1.7196070902530652e-12,3733288.1261505983,1.4701240174982943e-12,-7.4218253148955785e-19,0.0020235407118398686,1.1362222981021971e-08
-385.7655745638765,0.20113389326531217,-29.268038272355657,0.001018271257740153,-1.9483224558773636e-09,0.0048390198191215145,7.019191137635099e-06,-3.233997436101479e-08,-5.922710723200888e-07,-4.305167678296455e-06,-5.294179109519712e-13,-1.4708440033262676e-05,-5.7879942060043626e-12,-9.540893818751323e-11,1.72318586639118e-10,-33477.613190743374,0.7976910548156466,-0.000596629048196641,5.6204780395052595e-09,-1.1067716491132964,-1.14907768072265,5.159311930221569e-05,-6.566707068989874,0.00037960528451343195,-275.5520419890566,3.968994928401902e-07,-7.834705559414577e-05,1.4701240174982943e-12,3544722.086549897,3.2062985211626445e-06,-2.3113012920333793e-05,-0.12262997268977496
6.205152259683788e-06,-6.512257684259186e-14,0.010185097238078686,-0.5709994656067575,1.7268752974751698e-19,4.963226819527743e-10,2.6546967827695456e-14,5.34570947937782e-20,7.483605616362055e-10,1.402601161904439e-15,-4.607522479081752e-22,6.0432519390322856e-15,-1.6393159789608506e-20,-2.9260247082699925e-19,5.249478996538673e-17,-1.4796108055249751e-08,9.293897582480432e-14,-103.1321833745413,1.0830123946297026e-20,-2.853491956516674e-05,-1.154901657306528e-06,1.1392320511230412e-12,-0.00015691207621718078,107326.74900925279,6.981769801725167e-10,-1.3652366882118915e-19,3.661682806580611e-18,-7.4218253148955785e-19,3.2062985211626445e-06,3713202.327486072,7.279960306982093e-11,-0.0007719875126741357
9.319362477450726e-10,0.0031869353537984555,-1.075997201960626e-05,-0.008589939480463014,4.692443185917039e-17,929.1507652872587,5.632684728434052e-18,-2.344022045064694e-06,206234.48711631726,-8.907835955518558e-15,1.12653362638243e-09,-1.2665181596246265e-14,2.5326924017387942e-05,-4.409533351694714e-05,-0.29362110079540205,1.75777344477203e-05,-8.505538020318878e-06,-1.20045106207288e-05,3.515578204074078e-09,8.067017949669682e-12,-172.69850813672085,0.48700318468296033,6.742580704877033e-11,6.64163840701447e-11,0.024496400194917452,-2.493068779911177e-11,-5.31998624533921e-10,0.002023540711839869,-2.311301292033378e-05,7.279960306982091e-11,3157296.038844255,4.857779968925052
1.0407187363660398e-06,-0.00034016899817155064,3.012013156994615,575.8164393376788,-2.715271171021992e-15,-5.995538693025377,2.7156933857531025e-13,-9.9237200085887e-10,-1.2802072826246664,-1.9042331575857136e-12,3.301135391066342e-12,-8.264575678063368e-12,2.6102123768631507e-10,-3.591512978682594e-10,-1.4141650357097283e-06,0.008452574531224213,3.031964408996555e-05,61.43166379263411,-6.465960354617976e-12,1.1948826951145176e-06,6344.081688287138,-0.005359074164667205,1.304260807401104e-05,0.0005379603721945295,-0.2935230996180924,1.4968625269502516e-10,4.690156535924979e-10,1.1362222981021973e-08,-0.12262997268977492,-0.0007719875126741355,4.857779968925109,3714042.065226874
