0,1,2,3,4,5,6,7,8,9,10,11,12,13,14,15,16,17,18,19,20,21,22,23,24,25,26,27,28,29,30,31
148780.17158583424,57294.55235025218,211859.90970827758,17722.523338121642,101786.08850660962,247385.57998861736,24643.79399014353,111458.50396546835,188976.42218437447,78116.81443787369,1811.7612091573906,-2367.7462126433293,148390.89500744868,235089.50866259442,58271.58817436016,123291.22563320257,249515.0621827842,41582.34143064402,38657.49716290185,53208.4042486041,-11824.183571374666,160441.38169393077,55348.63221590427,-31234.265006595495,169204.65571223898,-13120.15964369594,205901.18097501618,128235.76277316235,92057.73890044302,195312.53256279402,9016.323069285896,60304.81311401894
57294.55235025218,178643.93884401704,-12877.158709303034,64418.0227297312,111349.07632184096,-60897.91215064569,228423.64222309066,-4065.4014151560987,13333.426681469204,145266.2830564877,144969.7696669199,256350.21460834658,-57437.02475579328,-41777.211710349104,-2870.0047311614603,85096.0526277874,-65979.91975127732,203481.4158139677,135831.0389747143,-37639.25351209953,78051.17096753701,-26154.961973558507,44385.0806728216,172016.5668814855,35202.330865590404,178768.0266826532,-86237.29565782488,31007.182609234394,-37401.86221328026,-74151.18701602107,248014.32796842302,109239.68893090215
211859.90970827758,-12877.158709303034,454614.58684047824,-12558.116149055613,90529.7381472594,639629.2371648019,-84941.09986704016,206747.95859869808,353190.87978547375,34903.56777747528,-80925.22313698972,-136114.72951513485,368496.4649380754,568205.6787022549,108221.85989958588,143135.2467943527,657031.0966820958,-48137.66535419604,-20810.7267965993,138669.63102568136,-66469.59593721108,344429.2832988949,60637.24922579597,-141977.64804471744,277712.01411743776,-118936.31465280314,576638.8062925966,198155.72804401506,212971.12917755696,520430.4894542761,-116687.82751721148,26121.99305973122
17722.523338121642,64418.0227297312,-12558.116149055613,119829.3513768404,38848.153825364105,-40810.31278224566,82301.5971841551,52609.27898767639,-475.79172240134073,51883.349980944324,118495.5735744825,84982.48589299392,32595.666514832257,-28033.742035920535,94236.57271094156,28639.823024206795,-44940.12454328613,73689.42389517748,85999.3399977078,101633.58119304746,144038.39734376123,22687.160447390947,86327.72045322067,128804.95051113956,8798.154838232433,121697.73622982418,-16847.602297442445,34628.5486537045,72088.56328289279,-2660.0905479200583,86997.97079167012,70179.68826728412
101786.08850660962,111349.07632184096,90529.7381472594,38848.153825364105,108365.68376593593,78905.1565159254,110833.25157943592,51218.96116592067,95092.56084133887,110396.82685942284,64339.19498433848,104379.96737182175,38000.172785744806,84463.99251159972,26421.866143880092,105515.35995195365,76865.05645096178,111509.26214153915,83039.02377642847,5151.630101271823,27789.129509387538,60774.31030546104,49939.16548810069,54306.915267761404,98540.82761288845,68472.9496960285,46553.46266767956,78243.79184888252,23771.896286014202,49023.27866672887,108644.00085919633,84458.56102639627
247385.5799886184,-60897.91215064569,639629.2371648019,-40810.31278224566,78905.1565159254,1142456.7468774717,-156590.8924646462,263063.15596700466,460576.85840856325,3437.084280421363,-139663.88584817757,-220626.532803746,550347.2368620889,907802.1150207632,133351.97293287195,151038.7454992138,1211355.7365671508,-108003.46401096326,-63997.420300973165,195394.6384824489,-111146.4332017961,472945.9725588291,55871.20534883382,-216989.49565781583,343425.37993660354,-190877.0856228716,1058288.8115906222,236546.00529044922,295597.25153390726,873449.1439385124,-197441.00846090773,-1289.3976268164408
24643.79399014353,228423.64222309066,-84941.09986704016,82301.5971841551,110833.25157943592,-156590.8924646462,345898.210414624,-45200.629972990515,-44329.72674450817,167253.70685100617,215147.96045723063,435064.76150895364,-125393.04056186476,-128827.87298434516,-26369.755584870247,68701.83041473146,-163520.65583132397,282334.8345143631,173288.21006658388,-70485.49219520725,120466.61999164209,-88090.71571188656,37470.8872919387,299901.39266501006,-10124.815310099035,289905.0369764422,-177670.0355876135,-4134.195773100205,-82877.38416510602,-159750.27722263173,402139.20377099956,123648.1415489585
111458.50396546835,-4065.4014151560987,206747.95859869808,52609.27898767639,51218.96116592067,263063.15596700466,-45200.629972990515,157510.7290158283,170897.99538122595,21857.517476577745,-7223.360963103861,-79468.0139788425,228122.4251226567,243409.03650937293,130734.26128857053,78139.43908720755,266689.4180403912,-23772.14890535468,13011.005571468675,160912.11980199502,29073.572689968907,201403.52233415225,83792.18300305726,-44775.56146142155,140750.4208907789,-35088.422223243906,270893.9079541369,127359.71544277408,182678.5871721867,260318.2260363926,-65118.45319935915,36863.35401849699
188976.42218437447,13333.426681469204,353190.87978547375,-475.79172240134073,95092.56084133887,460576.85840856325,-44329.7267445087,170897.99538122595,290096.8618661932,51219.72912505538,-49693.04094101185,-86858.66587346785,275920.36662897555,420281.478107024,89605.22045264232,136236.12778091093,469701.6931114326,-14770.317845986243,1713.179349291467,104693.33859260242,-45255.64598804279,270745.69539014756,59433.1190410139,-100554.21066272403,237703.93694625318,-79344.07176139986,407306.71472144494,172827.0165555407,164937.41608817878,375449.7780986745,-70250.2667722386,39332.07796978761
78116.81443787369,145266.28305648718,34903.56777747528,51883.349980944324,110396.82685942284,3437.084280421363,167253.70685100617,21857.517476577745,51219.72912505644,129195.18591412346,103982.27354401359,175749.99773884285,-13124.953486431135,16412.065667542585,10959.889787917045,94882.51592876452,-279.21847816731923,156499.85710215222,110107.52216124327,-17582.929264224054,52682.69902565188,14218.431071977006,47196.285796762626,110316.6701994323,64657.92569852675,121468.99064002371,-25035.867593288305,53179.72504006979,-8767.495752873974,-17267.976898165245,174662.98205968304,97894.818668778
1811.7612091573906,144969.7696669199,-80925.22313698972,118495.5735744825,64339.19498433848,-139663.88584817757,215147.96045722958,-7223.360963103861,-49693.04094101185,103982.27354401359,194480.44834637013,258661.32960767017,-66673.03944486074,-116002.7225864401,35543.49940514242,34008.97082849642,-145998.44257928673,178669.3777544451,139754.77201442193,17104.021183998175,164073.0527235926,-54254.665245834905,65534.600960852076,248470.57174877534,-23956.85799033421,234950.84753196742,-131072.60085553702,970.4606178055767,-13090.903586058832,-111779.30077631508,245020.19288891353,99310.79143692672
-2367.7462126433293,256350.21460834658,-136114.72951513485,84982.48589299392,104379.96737182175,-220626.53280374652,435064.76150895364,-79468.0139788425,-86858.66587346785,175749.99773884285,258661.32960767017,665563.555503508,-175635.93521134075,-188536.42021726887,-51020.65248760936,52003.94963808436,-228266.48462456287,332482.41181575437,190492.65264698456,-101622.22632833874,142812.1236443686,-134322.983349417,24163.132459731925,431373.8125346823,-45062.03666753822,380446.4469299842,-239203.71790223478,-33661.59124684803,-120802.7574625174,-219036.5997112276,556578.6428753829,125477.65612415153
148390.89500744868,-57437.02475579328,368496.4649380754,32595.666514832257,38000.172785744806,550347.2368620889,-125393.04056186476,228122.4251226562,275920.36662897555,-13124.953486431135,-66673.03944486074,-175635.93521134075,420018.04760773265,478855.6371766909,175041.91011698233,86017.65142390139,567759.6470334549,-90469.46492150065,-31453.5611470685,249184.42030967464,-6865.808585849944,340050.3817750318,87377.88671679352,-123317.10421140738,207877.1952904462,-110798.95416651019,579470.435910445,172424.9785243895,291757.3015900783,529735.2909494941,-156139.49080406228,9679.758155488345
235089.50866259442,-41777.211710349104,568205.6787022549,-28033.742035920535,84463.99251159972,907802.1150207632,-128827.87298434516,243409.03650937293,420281.478107024,16412.065667542585,-116002.7225864401,-188536.42021726887,478855.6371766909,767651.872675959,125999.6992923461,149248.385832879,944551.8410124001,-84521.35775668391,-46350.184448146516,175398.64985188603,-91967.97237798707,424656.36058836576,59596.28426005789,-187519.20836414673,319480.46675298794,-162527.20363977933,831219.0525749512,223487.6965878968,265376.2590625875,720947.3006103054,-166478.45020105373,10452.640657999922
58271.58817436016,-2870.0047311614603,108221.85989958588,94236.57271094156,26421.866143880092,133351.972932873,-26369.755584870247,130734.26128857053,89605.22045264232,10959.889787917045,35543.49940514242,-51020.65248760936,175041.91011698233,125999.6992923461,150677.97674244814,40642.235275880645,133831.96905436812,-13762.92279823168,29687.39217087899,189605.36359291483,91946.63425084951,138465.72725062093,97184.71990678804,13315.945426340259,73734.21052359288,13317.852117728318,168119.13468161738,87337.16182000616,176436.93357973985,169229.26792140704,-39490.69957848916,39779.356029118535
123291.22563320257,85096.0526277874,143135.2467943527,28639.823024207322,105515.35995195365,151038.7454992138,68701.83041473146,78139.43908720755,136236.12778091093,94882.51592876452,34008.97082849642,52003.94963808436,86017.65142390139,149248.385832879,40642.235275880645,114376.60048646206,150688.5487695425,77419.99952185056,61625.31023843887,26302.009605061336,8624.704453738846,104366.04899297912,52414.51048282602,12581.088767929086,129966.14298213313,28712.37969038459,114831.19569249777,100985.51574219835,53895.93721348847,111978.29691422314,59842.956598383134,72992.55609690583
249515.0621827842,-65979.91975127785,657031.0966820958,-44940.12454328613,76865.05645096178,1211355.7365671508,-163520.6558313245,266689.4180403912,469701.6931114326,-279.2184781678483,-145998.44257928673,-228266.48462456287,567759.6470334549,944551.8410124006,133831.96905436812,150688.5487695425,1296281.004665096,-114034.47727783935,-68890.14755673545,198984.18922996975,-116853.29048647414,483942.4642146623,53922.25564973298,-224474.12361267512,348401.0447125788,-198141.84639037625,1128690.3741779507,238715.65353071396,301845.6093638362,915015.602156531,-204980.87715369626,-4846.573758363476
41582.34143064402,203481.4158139677,-48137.66535419604,73689.42389517748,111509.26214153915,-108003.46401096326,282334.8345143631,-23772.14890535468,-14770.317845986243,156499.8571021517,178669.3777544451,332482.41181575437,-90469.46492150065,-84521.35775668391,-13762.92279823168,77419.99952185056,-114034.47727783935,242014.0889393277,154759.07263421206,-53111.25914051959,98584.83395544758,-56252.044118165024,41620.86683347247,228281.22434606947,13214.782543486945,229331.14583680767,-131175.91064488346,14164.11611669044,-59169.88811286885,-116091.66993493016,315482.40227873204,116892.36363844026
38657.49716290079,135831.0389747143,-20810.7267965993,85999.3399977078,83039.02377642847,-63997.420300973165,173288.21006658496,13011.005571468675,1713.179349291467,110107.52216124327,139754.77201442193,190492.65264698456,-31453.56114706797,-46350.184448146516,29687.39217087899,61625.31023843887,-68890.14755673545,154759.07263421206,121118.48046451884,8035.081317963669,104109.9560767176,-14316.80677282195,59792.92154516168,159344.77002818612,20199.30090552667,161365.51595400737,-70162.85492631068,29220.815660936172,-2524.5717904641588,-56726.256248267804,186731.42104245478,96916.49844329408
53208.4042486041,-37639.25351209953,138669.63102568136,101633.58119304746,5151.630101271823,195394.6384824489,-70485.49219520725,160912.11980199502,104693.33859260242,-17582.929264224054,17104.021183998175,-101622.22632833874,249184.42030967464,175398.64985188603,189605.36359291483,26302.009605061336,198984.18922996975,-53111.25914051959,8035.081317963669,269904.8219735874,101880.62395604291,181585.31003561884,105147.6243933104,-9423.345480133037,77888.89606481284,-13027.427467091375,257586.98664966415,94799.46751685363,242114.82497911347,250745.20051785704,-87700.48004448612,22833.94424756521
-11824.183571374666,78051.17096753701,-66469.59593721108,144038.39734376123,27789.129509387538,-111146.4332017961,120466.61999164209,29073.572689968907,-45255.64598804279,52682.69902565188,164073.0527235926,142812.1236443686,-6865.808585849944,-91967.97237798707,91946.63425084951,8624.704453738846,-116853.29048647414,98584.83395544758,104109.9560767176,101880.62395604291,197282.55793371995,-17730.734512139337,86767.66116746934,205251.75873955825,-28384.185964034867,183416.7421667151,-78823.08791900512,8577.519927175792,54126.02969418392,-58994.103295587964,137465.24750172632,74329.77087920123
160441.38169393077,-26154.961973558507,344429.2832988949,22687.160447390947,60774.31030546104,472945.9725588291,-88090.71571188656,201403.52233415225,270745.69539014756,14218.431071977006,-54254.665245834905,-134322.983349417,340050.3817750318,424656.36058836576,138465.72725062093,104366.04899297912,483942.4642146623,-56252.044118165024,-14316.80677282195,181585.31003561884,-17730.734512139337,301309.65390179574,77692.09479017614,-107290.61830151432,212852.13473940452,-91710.42601304845,464504.33736816945,169857.16661739908,230700.33193454114,430903.99018657074,-116213.37862996622,24063.69942107417
55348.63221590427,44385.0806728216,60637.24922579597,86327.72045322067,49939.16548810069,55871.2053488333,37470.8872919387,83792.18300305726,59433.1190410139,47196.285796762626,65534.600960852076,24163.132459731925,87377.88671679352,59596.28426005789,97184.71990678804,52414.51048282602,53922.25564973298,41620.86683347247,59792.92154516168,105147.6243933104,86767.66116746934,77692.09479017614,82874.35462788952,53582.13598650955,57598.93405211992,56204.74557266364,68715.75552227178,68121.8582216427,97576.48891561803,75245.38922364813,31562.17996923167,60788.7978123113
-31234.265006595495,172016.5668814855,-141977.64804471744,128804.95051113956,54306.915267761404,-216989.49565781583,299901.39266500954,-44775.56146142155,-100554.21066272403,110316.6701994323,248470.57174877534,431373.8125346823,-123317.10421140738,-187519.20836414673,13315.945426340259,12581.088767929616,-224474.12361267512,228281.22434606947,159344.77002818612,-9423.345480133037,205251.75873955825,-107290.61830151432,53582.13598650955,405291.63778320025,-66043.11461530397,341284.81575678504,-204712.89015584835,-33160.146457273004,-52122.05117649348,-181470.08731222196,375795.91177818953,101150.8634349342
169204.65571223898,35202.330865590404,277712.01411743776,8798.154838232433,98540.82761288845,343425.37993660354,-10124.815310099035,140750.4208907789,237703.93694625318,64657.92569852675,-23956.85799033421,-45062.03666753822,207877.1952904462,319480.46675298794,73734.21052359288,129966.14298213313,348401.0447125788,13214.782543486945,20199.30090552667,77888.89606481284,-28384.185964034867,212852.13473940452,57598.93405211992,-66043.11461530397,203544.15343231935,-46370.91610924365,296626.6088360696,150805.89147107824,127009.78914259115,277291.5176797744,-30990.066453142754,49915.214298665225
-13120.15964369594,178768.0266826532,-118936.31465280314,121697.73622982418,68472.9496960285,-190877.0856228716,289905.0369764422,-35088.422223243906,-79344.07176139986,121468.99064002371,234950.8475319669,380446.4469299842,-110798.95416651019,-162527.20363977933,13317.852117728318,28712.37969038459,-198141.84639037625,229331.14583680767,161365.51595400737,-13027.427467091375,183416.7421667151,-91710.42601304845,56204.74557266364,341284.81575678504,-46370.91610924365,310133.4889154837,-184674.97570511154,-19129.358608411058,-47636.10235656823,-162836.21952341724,346714.4585481039,107909.20410029918
205901.18097501618,-86237.29565782488,576638.8062925966,-16847.602297442445,46553.46266767956,1058288.8115906222,-177670.0355876135,270893.9079541369,407306.71472144494,-25035.867593288305,-131072.60085553702,-239203.71790223478,579470.435910445,831219.0525749512,168119.13468161738,114831.19569249777,1128690.3741779507,-131175.91064488346,-70162.85492631068,257586.9866496652,-78823.08791900512,464504.33736816945,68715.75552227232,-204712.89015584835,296626.6088360696,-184674.97570511154,1088858.8202512658,217551.17043403746,337974.9523361787,888304.0770774395,-216900.3271018093,-11661.294314865703
128235.76277316235,31007.182609234394,198155.72804401506,34628.5486537045,78243.79184888252,236546.00529044922,-4134.195773100205,127359.71544277408,172827.0165555407,53179.72504006979,970.4606178055767,-33661.59124684803,172424.9785243895,223487.6965878968,87337.16182000616,100985.51574219835,238715.65353071396,14164.11611669044,29220.815660936703,94799.46751685363,8577.519927175792,169857.16661739908,68121.8582216427,-33160.146457273004,150805.89147107824,-19129.358608411058,217551.17043403746,125321.17936123406,124939.39796519476,208819.48334716604,-21175.749167278867,50967.48671664964
92057.73890044302,-37401.86221328026,212971.12917755696,72088.56328289279,23771.896286014202,295597.25153390726,-82877.38416510548,182678.5871721867,164937.41608817878,-8767.495752873974,-13090.903586058832,-120802.7574625174,291757.3015900783,265376.2590625875,176436.93357973985,53895.93721348793,301845.6093638362,-59169.88811286885,-2524.5717904641588,242114.82497911347,54126.02969418392,230700.33193454114,97576.48891561803,-52122.05117649348,127009.78914259115,-47636.10235656823,337974.9523361787,124939.39796519476,248391.3757295556,322155.2885348233,-104958.48804395946,22250.818731596544
195312.53256279402,-74151.18701602107,520430.4894542761,-2660.0905479200583,49023.27866672887,873449.1439385124,-159750.27722263173,260318.2260363926,375449.7780986745,-17267.976898165245,-111779.30077631508,-219036.5997112276,529735.2909494941,720947.3006103054,169229.26792140704,111978.29691422367,915015.602156531,-116091.66993493016,-56726.256248267804,250745.20051785704,-58994.103295587964,430903.99018657074,75245.38922364813,-181470.08731222196,277291.5176797744,-162836.21952341724,888304.0770774395,208819.48334716604,322155.2885348233,767380.5434461157,-197058.07938039978,-2614.421013834122
9016.323069284837,248014.32796842247,-116687.82751721094,86997.97079167012,108644.00085919633,-197441.00846090773,402139.2037710001,-65118.45319935862,-70250.2667722386,174662.98205968252,245020.19288891298,556578.6428753841,-156139.49080406118,-166478.45020105425,-39490.69957848916,59842.956598383134,-204980.87715369678,315482.4022787326,186731.4210424553,-87700.48004448612,137465.2475017274,-116213.37862996622,31562.17996923167,375795.9117781885,-30990.066453143285,346714.4585481039,-216900.32710180877,-21175.7491672794,-104958.48804395946,-197058.07938039926,493700.531333473,127206.47358896465
60304.813114017896,109239.68893090215,26121.99305973122,70179.68826728464,84458.56102639627,-1289.3976268164408,123648.14154895746,36863.35401849751,39332.07796978761,97894.818668778,99310.79143692566,125477.65612415205,9679.758155488345,10452.640657999922,39779.356029118535,72992.55609690583,-4846.573758364006,116892.36363844026,96916.49844329356,22833.94424756521,74329.77087920227,24063.699421074696,60788.7978123113,101150.86343493525,49915.2142986647,107909.2041002997,-11661.294314866233,50967.48671664964,22250.818731596544,-2614.421013834122,127206.47358896465,86881.44342506205
