0,1,2,3,4,5,6,7,8,9,10,11,12,13,14,15,16,17,18,19,20,21,22,23,24,25,26,27,28,29,30,31
920713.7496083911,228192.90867285378,704933.1102499872,100302.72293206042,796518.1381433677,-82570.15232372102,-50245.33730939412,560052.1961042496,344414.5304445225,857136.307388162,399741.4736152912,-118848.58299276991,897533.6095234763,-62343.251477415695,727726.016975926,-146631.49097301718,-127622.43162297054,625481.6482130301,-97103.64074595805,83933.567735508,505941.9419814673,535928.7299560746,-181717.3155903379,-222682.34195867972,-4421.2531928130265,461047.01845889445,218935.0868716129,-47853.88097876009,-150296.74520561175,23499.703460363202,216132.95061288416,892605.4809767455
228192.90867285378,262236.74669072754,157059.69589949856,-151554.81527305546,207883.15720781585,-13620.994077091482,106008.93299101012,281835.28927245724,69680.19050004554,201971.78482829974,19984.126162510187,-21205.37139155318,233346.63815074752,-10089.776529382849,245588.36414166776,-157084.33570322947,-24135.89348387151,137977.0670504381,-16463.539089949223,209285.05838501654,258486.2619417928,113850.50688428777,-73569.97234147554,-124165.12910086702,-2412.169813653727,263138.42483926594,-83774.50826280133,-7877.936989744876,-6025.297989737495,172542.87321988182,216687.34249761264,214587.5924178026
704933.1102499872,157059.69589949856,682201.6419544279,41238.13482866993,536198.0484884608,-112932.69232113665,-32732.0909869417,402106.97997552686,382325.7693149592,730011.2976014541,241382.02058869106,-152879.56243728576,638698.2358432076,-87431.45626128331,578968.6090676318,-106150.09975109725,-156669.71908345935,401046.0049662627,-129896.14579912364,57442.445051700975,343011.95762634097,561548.1629181936,-120241.89483671174,-146862.8998031816,-4216.199655664425,357740.3776757861,119537.2335862225,-67839.68248020535,-97677.07876123508,16384.49354706137,142772.75012005545,726140.9148480872
100302.72293206042,-151554.81527305546,41238.13482866993,1575927.8789859726,249653.98846303122,1187.9177370096268,-130650.43723617661,-61080.393095595464,16252.91023987152,65641.04779537614,769265.0611714664,-641.9087982525172,154536.89321190916,1662.0707888785448,-15972.30961982155,907639.1427855626,-2267.684499173707,426101.98260375136,632.2876543410349,-172775.56858929002,-13010.27034158439,27302.958246977705,256782.43938519948,452006.51153250627,1585.3891646878803,-102964.46358540772,1203012.3123072912,1821.762496496334,22187.411178780832,-169590.04905813554,-97174.86894705685,77735.6793934315
796518.1381433677,207883.15720781585,536198.0484884608,249653.98846303122,863718.8251623366,-48938.031203155406,-75782.3343652229,515219.53253190854,246799.8614075624,689012.2838900248,558129.499887222,-75281.26709975203,861356.1067488779,-35804.52041260088,598125.475302764,-99465.76576485069,-84485.19482212662,759816.8204725735,-59026.8911823681,59725.461109592216,517234.56087612687,394269.53016721545,-191722.602254864,-230518.1230057914,-3051.01226211149,380804.33311331924,375627.9264623253,-27025.458015127584,-174983.9925502069,-3009.696055333401,218908.15907731184,736436.6429059356
-82570.15232371981,-13620.994077091482,-112932.69232113665,1187.9177370096268,-48938.031203155406,1019326.489172965,4994.820138321427,-47913.60342955681,-105456.34792171561,-98788.10302518368,-15622.56649842678,727722.8714493193,-66034.42741626009,965796.1680695988,-83721.95811717963,8190.298980611931,398502.38600372523,-31875.393925404398,948819.1421607021,-1500.2715941624313,-35158.59546595504,-116693.45251873463,8299.57363141524,9189.274652711907,-31075.299718163977,-52293.16977118103,-4982.750761823062,817072.6618232846,7086.499458796281,3345.623400592114,-12091.590381185508,-92449.10398179278
-50245.33730939412,106008.93299101012,-32732.0909869417,-130650.43723617661,-75782.3343652229,4994.820138321427,214522.1097507196,18227.597839105754,-16423.903866539873,-41629.901727903634,-120483.42539096097,6646.965313865048,-60734.46973036329,3851.280837142489,-13021.464817888134,2782.4424845529365,6664.735600701788,-96992.79850123775,5722.52205899018,164740.1849063296,8928.720317498259,-24964.207762037582,136133.99652407842,116227.91584116044,-36.31643820204924,36597.64675841004,-130601.88840858289,2942.997696400923,198478.57287266606,189209.8755580603,81609.49414091132,-44949.45099012972
560052.1961042496,281835.28927245724,402106.9799755281,-61080.393095595464,515219.53253190854,-47913.60342955681,18227.597839105754,498424.3846235209,188143.2822651583,504078.84562186594,199863.592883218,-67415.91396892918,568345.3995177958,-36753.96076165171,524468.2726737396,-181766.09259437132,-71483.85257495918,389235.9785174696,-55821.86787738466,157935.39631528943,444985.2042757787,298900.62619586743,-153095.00215393238,-203378.4136232216,-4112.353115725796,434307.40759455645,41934.20412308665,-28672.435251188563,-99887.44606110979,99719.79900444126,246498.60791138888,531532.2545115397
344414.5304445225,69680.19050004554,382325.7693149592,16252.91023987152,246799.8614075624,-105456.34792171561,-16423.903866539873,188143.2822651583,282370.08277323056,374382.7264063384,106451.88840791877,-136038.36076002155,301830.3739025865,-83094.32603557338,286749.66725949553,-47969.83910302783,-133485.2245260988,180614.7901430698,-119295.27416205239,23498.701011144083,156161.9490655551,356382.8020943136,-53641.83540129808,-64934.91739425401,-2384.0723624147627,173857.03546398797,51308.37029974497,-64906.230838833835,-43927.38813243182,4709.8410671719275,62663.44043285523,364332.434137912
857136.307388162,201971.78482829974,730011.2976014541,65641.04779537614,689012.2838900248,-98788.10302518368,-41629.901727903634,504078.84562186594,374382.7264063384,845611.0962644086,324733.52224855276,-138008.83876979564,801156.8787762331,-75532.90313980175,692328.0153864647,-133906.6983048938,-144981.50654246032,526286.9026691971,-114913.06200904603,75231.50959000358,440958.4432041319,570496.5649337764,-156459.12726403135,-191698.83991551897,-4563.717393934333,432820.5563567707,167569.4010345872,-58305.88100326195,-127595.97830479854,22548.524048809133,186616.28996916776,860229.5084361881
399741.4736152912,19984.126162510187,241382.02058869106,769265.0611714664,558129.499887222,-15622.56649842678,-120483.42539096097,199863.592883218,106451.88840791877,324733.52224855276,754003.7541585889,-27196.314040136127,474533.9604404945,-10562.87024535002,242735.40461795827,260282.24511373084,-32628.40027794114,654945.0143403242,-19835.735348611994,-65784.67236548135,247597.5945625923,173064.83950282837,-41532.0479121451,-13999.144728098881,-306.23947806402174,105754.72351392792,779879.6850215642,-7482.44979439767,-120903.73655181105,-97898.92741851154,65394.599344848335,354913.2882313493
-118848.58299276991,-21205.37139155318,-152879.56243728576,-641.9087982525172,-75281.26709975203,727722.8714493193,6646.965313865048,-67415.91396892918,-136038.36076002155,-138008.83876979564,-27196.314040136127,703024.5838702959,-98026.22195392587,622598.74862783,-112934.11778713873,13605.84249861921,450249.8213284256,-51310.422843247325,756351.8420895014,-4347.06584010955,-51525.31631410909,-154145.6288982785,14345.070574948402,16575.873134261463,-13633.445763958793,-70055.87595808867,-10626.52732596327,503285.66997378354,12026.435055925373,2435.319514065493,-18818.57064073043,-130693.76847166338
897533.6095234763,233346.63815074752,638698.2358432076,154536.89321190916,861356.1067488779,-66034.4274162613,-60734.46973036329,568345.3995177958,301830.3739025865,801156.8787762331,474533.9604404945,-98026.22195392587,925526.1735055839,-49168.611570837296,694930.1340563908,-140137.88570691235,-107524.52290928882,704668.6056247931,-78561.16715823651,80942.26240451101,536639.6407700481,476599.9500465611,-195577.27970855433,-238659.5314500551,-3918.89549493421,445403.40906769584,282643.9946252709,-37482.253270267574,-166781.09556626808,16645.814091084183,229712.39165720958,846744.1045957097
-62343.251477415695,-10089.776529382849,-87431.45626128331,1662.0707888785448,-35804.52041260088,965796.1680695988,3851.280837142489,-36753.96076165171,-83094.32603557338,-75532.90313980175,-10562.87024535002,622598.74862783,-49168.611570837296,1016321.0377338711,-65159.71251274625,5873.473144159605,327694.0430333328,-22735.963183436343,854236.6571869733,-756.733070748037,-26502.417519862825,-91177.61732674543,5775.449586266255,6255.539176998844,-16431.526402101706,-40921.11050773831,-2768.832708129297,912269.8855658802,4960.717186477325,2971.927677471581,-8936.069349578644,-70340.4291355501
727726.016975926,245588.36414166776,578968.6090676318,-15972.30961982155,598125.475302764,-83721.95811717963,-13021.464817888134,524468.2726737396,286749.66725949553,692328.0153864647,242735.40461795827,-112934.11778713873,694930.1340563908,-65159.71251274625,661426.0247379581,-162589.6865454808,-115829.04131747597,442793.5908163997,-96107.49095976772,116974.93605470758,448481.6599146297,443826.2048347759,-155137.25522621622,-196942.49256651948,-4965.286649361587,473440.02615390415,85280.36185920876,-50950.53824755468,-113923.88066608885,60848.00494481399,215247.88395042316,715018.5373112545
-146631.49097301718,-157084.33570322947,-106150.09975109725,907639.1427855626,-99465.76576485069,8190.298980611931,2782.4424845553485,-181766.09259437132,-47969.83910302783,-133906.6983048938,260282.24511373084,13605.84249861921,-140137.88570691235,5873.473144159605,-162589.6865454808,916844.5519177443,16039.837283424245,9795.660663780638,10162.086519877623,-114101.98981558904,-161277.72980621143,-77762.12635338827,478369.0783937428,722416.8018600686,1740.6363563995126,-167477.61734191288,598980.5485176996,4534.86741413889,236704.74362134302,-84617.12761455672,-125146.64593872627,-140827.3430930826
-127622.43162297054,-24135.89348387151,-156669.71908345935,-2267.684499173707,-84485.19482212662,398502.38600372407,6664.735600701788,-71483.85257495918,-133485.2245260988,-144981.50654246032,-32628.40027794114,450249.8213284256,-107524.52290928882,327694.0430333328,-115829.04131747597,16039.837283424245,368787.2596167568,-59136.856543638474,432245.7655428078,-6421.2748822307785,-56226.62696489525,-154702.34108840633,17214.117734169566,20337.70395464158,-1106.415711736085,-71551.34285270562,-13841.414938849262,260518.07554527864,14258.654899991692,742.645352345523,-21411.859441755452,-138521.5854436275
625481.6482130301,137977.0670504381,401046.0049662627,426101.98260375136,759816.8204725735,-31875.393925404398,-96992.79850123775,389235.9785174696,180614.7901430698,526286.9026691971,654945.014340323,-51310.42284324853,704668.6056247931,-22735.963183436343,442793.5908163997,9795.660663780638,-59136.856543638474,760924.3733118844,-39151.633658622544,11563.652417002468,421874.4542916262,291260.9728128281,-152504.48721052942,-173453.27642401663,-1822.3659291543377,264538.5438489479,524989.4602387855,-16868.389394646092,-166218.43701756146,-41157.07147647245,167635.63257639765,568107.792134742
-97103.64074595684,-16463.539089949223,-129896.14579912364,632.2876543410349,-59026.8911823681,948819.1421607021,5722.522058989577,-55821.86787738466,-119295.27416205239,-114913.06200904603,-19835.73534861139,756351.8420895014,-78561.16715823651,854236.6571869733,-96107.49095976772,10162.086519877623,432245.76554280904,-39151.633658622544,930478.1468483682,-2398.985596283482,-41583.06436866007,-133077.1516938425,10479.16146050513,11808.601722536403,-26939.887973378853,-59859.43924743914,-6953.699195677252,706413.0596123781,8886.595710136997,3235.568776288812,-14616.869345443232,-108003.95983307806
83933.567735508,209285.05838501654,57442.445051700975,-172775.56858929002,59725.461109592216,-1500.2715941624313,164740.1849063296,157935.39631528943,23498.701011144083,75231.50959000358,-65784.67236548135,-4347.06584010955,80942.26240451101,-756.733070748037,116974.93605470758,-114101.98981558904,-6421.2748822307785,11563.652417002468,-2398.985596283482,220527.12190745707,139826.81565187985,40267.53470307577,-1609.9257966747825,-45752.4571998293,-1446.5781747402398,162310.98459619778,-131528.6153854553,-593.899416277443,71621.26248461066,210892.89258703036,165144.6822745549,79847.55528942733
505941.9419814673,258486.2619417928,343011.95762634097,-13010.27034158439,517234.56087612687,-35158.59546595504,8928.720317498259,444985.2042757787,156161.9490655551,440958.4432041319,247597.59456259347,-51525.31631410909,536639.6407700481,-26502.417519862825,448481.6599146297,-161277.72980621143,-56226.62696489525,421874.4542916262,-41583.06436866007,139826.81565187985,432964.6281047407,251104.0370200639,-150760.39785017358,-200418.1846750758,-3329.9252041994696,361601.7645221643,91635.20876032753,-20513.645720298333,-104040.11730258314,82644.91791038455,242695.30938060096,470418.3165800006
535928.7299560746,113850.50688428777,561548.1629181936,27302.958246977705,394269.53016721545,-116693.45251873463,-24964.207762037582,298900.62619586743,356382.8020943136,570496.5649337764,173064.83950282837,-154145.6288982785,476599.9500465611,-91177.61732674543,443826.2048347759,-77762.12635338827,-154702.34108840633,291260.9728128281,-133077.1516938425,40267.53470307577,251104.0370200639,495271.7795474327,-87159.54644133145,-106028.28723249705,-3496.0786089411968,271712.7054439307,84123.59788001135,-70999.73068850154,-70975.99822626305,10140.947267054824,102737.56458745904,560416.2236918502
-181717.3155903379,-73569.97234147554,-120241.89483671174,256782.43938519948,-191722.602254864,8299.57363141524,136133.99652407842,-153095.00215393238,-53641.83540129808,-156459.12726403135,-41532.0479121451,14345.070574948402,-195577.27970855433,5775.449586266255,-155137.25522621622,478369.0783937428,17214.117734169566,-152504.48721052942,10479.161460503321,-1609.9257966747825,-150760.39785017358,-87159.54644133145,459794.8302410652,587153.6895045309,1520.6840655732115,-122352.15197568553,114812.08708313017,4342.971017018716,344688.0075056084,37499.4990639694,-65132.82543324246,-167694.50970190376
-222682.34195867972,-124165.12910086702,-146862.8998031816,452006.51153250627,-230518.1230057914,9189.274652711907,116227.91584116044,-203378.4136232216,-64934.91739425401,-191698.83991551897,-13999.144728098881,16575.873134261463,-238659.5314500551,6255.539176998844,-196942.49256651948,722416.8018600686,20337.70395464158,-173453.27642401663,11808.601722537609,-45752.45719983051,-200418.1846750758,-106028.28723249705,587153.6895045309,891156.0405127183,1971.9268085172682,-166138.12130664417,220617.6271538139,4676.841913118065,398419.8083435031,679.22484288227,-111255.10446458677,-205557.32029090033
-4421.253192811821,-2412.169813653727,-4216.199655664425,1585.3891646878803,-3051.01226211149,-31075.299718163977,-36.31643820144621,-4112.353115725796,-2384.0723624147627,-4563.717393934333,-306.23947806492623,-13633.445763958793,-3918.89549493421,-16431.526402101706,-4965.286649361587,1740.6363563995126,-1106.415711736085,-1822.3659291543377,-26939.887973375236,-1446.5781747402398,-3329.9252041994696,-3496.0786089411968,1520.6840655726085,1971.926808518173,1012369.8817995007,-4067.5970615778997,861.9798787895251,29933.362503210315,1156.9420662960817,-980.9887364875555,-1909.1232597231187,-4554.955435028215
461047.01845889445,263138.42483926594,357740.3776757861,-102964.46358540772,380804.33311331924,-52293.16977118103,36597.64675841004,434307.40759455645,173857.03546398797,432820.5563567707,105754.72351392792,-70055.87595808867,445403.40906769584,-40921.11050773831,473440.02615390415,-167477.61734191288,-71551.34285270562,264538.5438489479,-59859.43924743914,162310.98459619778,361601.7645221643,271712.7054439307,-122352.15197568553,-166138.12130664417,-4067.5970615778997,430218.62144802813,-21646.04458696079,-32215.223539107865,-69906.32790748394,114340.20213339497,213094.16187899013,449233.57606555865
218935.0868716129,-83774.50826280133,119537.2335862225,1203012.3123072912,375627.9264623253,-4982.750761823062,-130601.88840858289,41934.20412308665,51308.37029974497,167569.4010345872,779879.6850215642,-10626.52732596327,282643.9946252709,-2768.832708129297,85280.36185920876,598980.5485176996,-13841.414938849262,524989.4602387855,-6953.699195677252,-131528.6153854553,91635.20876032753,84123.59788001135,114812.08708313017,220617.6271538139,861.9798787889222,-21646.04458696079,1045003.8145004421,-1528.2830683021105,-47556.714389354565,-143087.13690457755,-31543.153499887438,187055.5853965648
-47853.88097876009,-7877.936989744876,-67839.68248020535,1821.762496496334,-27025.458015127584,817072.6618232846,2942.997696400923,-28672.435251188563,-64906.230838833835,-58305.88100326195,-7482.44979439767,503285.66997378354,-37482.253270267574,912269.8855658802,-50950.53824755468,4534.86741413889,260518.07554527864,-16868.389394646092,706413.0596123781,-593.899416277443,-20513.645720298333,-70999.73068850154,4342.971017018716,4676.841913117462,29933.362503210315,-32215.223539107865,-1528.2830683021105,884479.727930555,3721.0795487773485,2324.576930689189,-6939.178164671894,-54181.64792507091
-150296.74520561175,-6025.297989737495,-97677.07876123508,22187.411178780832,-174983.9925502069,7086.499458796281,198478.57287266606,-99887.44606110979,-43927.38813243182,-127595.97830479854,-120903.73655181105,12026.435055925373,-166781.09556626808,4960.717186477325,-113923.88066608885,236704.74362134302,14258.654899991692,-166218.43701756146,8886.595710136997,71621.26248461066,-104040.11730258314,-70975.99822626305,344688.0075056084,398419.8083435031,1156.9420662960817,-69906.32790748394,-47556.714389354565,3721.0795487773485,341384.43598113523,112386.70212903016,-11729.264938889606,-137328.03177949935
23499.703460363202,172542.87321988182,16384.49354706137,-169590.04905813554,-3009.696055333401,3345.623400592114,189209.8755580603,99719.79900444126,4709.8410671719275,22548.524048809133,-97898.92741851154,2435.319514065493,16645.814091084183,2971.927677472787,60848.00494481399,-84617.12761455672,742.645352346729,-41157.07147647245,3235.568776288812,210892.89258703036,82644.91791038455,10140.947267054824,37499.4990639694,679.22484288227,-980.9887364875555,114340.20213339497,-143087.13690457755,2324.576930689189,112386.70212903016,225072.2088997536,129359.76980322659,23662.818969704924
216132.95061288416,216687.34249761264,142772.75012005423,-97174.86894705685,218908.15907731306,-12091.590381185508,81609.49414091012,246498.60791139127,62663.44043285523,186616.28996916776,65394.599344847134,-18818.57064073164,229712.39165720958,-8936.069349578644,215247.88395042194,-125146.64593872627,-21411.859441755452,167635.63257639646,-14616.869345443834,165144.6822745549,242695.3093805998,102737.56458746146,-65132.82543324005,-111255.10446458554,-1909.1232597234198,213094.16187899013,-31543.153499887438,-6939.178164670688,-11729.264938885988,129359.76980322537,200905.13272502957,199983.98195951805
892605.4809767455,214587.59241780138,726140.9148480897,77735.6793934303,736436.6429059344,-92449.10398179518,-44949.450990132136,531532.2545115409,364332.434137912,860229.5084361881,354913.2882313493,-130693.7684716646,846744.1045957097,-70340.4291355501,715018.5373112509,-140827.3430930826,-138521.58544362872,568107.792134742,-108003.95983307925,79847.55528942613,470418.3165800006,560416.2236918525,-167694.509701905,-205557.32029090152,-4554.955435028215,449233.57606555865,187055.5853965624,-54181.6479250703,-137328.03177950057,23662.81896970613,199983.98195951805,884408.5109517955
