0,1,2,3,4,5,6,7,8,9,10,11,12,13,14,15,16,17,18,19,20,21,22,23,24,25,26,27,28,29,30,31
63295.56027992894,-0.007619628657161455,0.012601152757033853,-0.22862652736352057,-0.03160215211949973,-0.15930112621908932,0.4319130963560074,-0.06763033341211058,-38.40162841930434,-0.10952715556706924,-0.023740585952479486,-0.1791918155921334,24511.3971534748,-9.575811438607465,0.19684439320366348,-0.09919637123158842,-0.10732713018810978,-27.294127399879898,-44.551792385056494,-152.9299302811093,-2.3782203207480705,-0.6055285006567542,-49.37450425857341,-90.59703420808184,-0.20101472279280158,-5.218681447728719,-12.90158874262521,-2.0868655155444484,-0.06031506628244958,-0.035321944564838684,-756.6458501909526,-0.1546560800106216
-0.007619628657161455,53172.737586105184,-51.51773364895749,-4.9429198043207085,22557.180315812406,-4.845104375767657,3159.9629301032824,16059.60727865415,-20.244577867438963,23768.047823813387,32572.54298030274,-30.174467529556487,-0.09410450312221506,0.1494460281646013,0.06384648226003167,-3.261480858381378,-3.1481908371571,-35.76215208320564,1.1710343270211552,-0.018565538995939,-0.35355537961039885,-13.788092061115412,-0.01797150744380733,-0.019928892097107128,-11.141867020083946,-1.4355799492663126,-9.561438350248078,0.05998276002442478,14107.672119792176,16601.73390402008,-0.019206196741284733,15158.773738029646
0.012601152757033853,-51.51773364895749,66701.15517107799,-488.21069770592845,-49.89833484454071,-776.7616229282527,-4.196228467107324,-57.18887990386532,0.01545894254330851,-63.49531805519881,-50.78157074148207,158.6762180543208,0.056721542350411755,-0.2765146827126543,3.6383982759434934,-772.0068747615518,-554.9943020843405,-10.969784005608297,-20.005186543070153,0.06709840194741788,-46.84980435412288,-453.036248619642,0.09731918229483376,0.08142239234962932,-1139.0428812445753,-70.92006416090925,-11.458645888546776,2.4446503168986413,-91.0793449233362,-58.9364594008971,-0.0031023864372694263,-94.8250680657898
-0.2286265273633768,-4.942919804320325,-488.21069770592845,72763.07732144358,-4.974844502095517,47743.61112951042,-0.013501236631136062,-6.44969332598593,-0.7398766321765419,-7.769122759365417,-4.927925771262507,11419.090574524656,-0.6591774836476293,-200.3705453914059,-395.24526871838594,36481.68951924543,44594.011244933754,-89.7686355314722,326.2644506957105,-0.32381232701179663,508.43803242617867,34038.49201584853,-1.1118366463624285,-0.11450260071253976,25200.29798381818,4670.140316495067,-38.443139696379184,-305.2934697711302,-9.3055247724236,-5.850576138840754,-0.025427609278597545,-11.943986454337935
-0.03160215211949973,22557.180315812406,-49.89833484454071,-4.974844502094942,28178.975563943506,-5.025224912035179,1294.8234681975498,18688.5628848871,-10.80073011905103,20445.16952396183,26134.544525421545,-28.256623763751858,-0.13554019233544287,0.13798729866812748,0.06816876316501828,-3.512895237736495,-3.295210842223722,-25.868802344687104,0.946051377559735,-0.012623574028259392,-0.3471224141570471,-13.357220779275206,-0.012835806737772052,-0.01404385400878036,-11.152132228479687,-1.5589027264423883,-6.766247526836035,0.06678792470441858,17738.021580298195,20741.159295175414,-0.009204040846965017,16374.446193804053
-0.15930112621908932,-4.845104375767178,-776.7616229282527,47743.61112951042,-5.025224912035179,80807.01230199319,-0.014755542723741629,-6.5432459378860806,-0.6155561809738743,-7.756661300919367,-4.922084396702097,13439.472314901719,-0.4492944803969966,-142.67970532564718,-286.2009674734915,59166.21277519173,55420.18944648355,-72.36949147282742,200.23315647968008,-0.14217693066720058,332.54834782967094,29956.408952656653,-0.6656921480409692,0.01080880425237549,34270.771578503074,3117.477561864454,-34.96553881032322,-221.05768387872183,-9.643508204467334,-5.997366755578083,-0.02263492943573832,-12.159367565764066
0.4319130963560074,3159.962930103287,-4.196228467107324,-0.013501236631136062,1294.8234681975468,-0.014755542723741629,87465.61471526434,847.5362702545514,-67.55653368631856,1326.1403855611532,1908.2474789355817,-0.4334927803621687,0.7079871788244813,0.05230674788324556,-0.012386684785991357,-0.014276073203109545,-0.017418820564391726,-24.477052761715733,0.6304496310234696,-0.01920926187076749,0.932597358110901,-0.02048080398173068,-0.01600969603455845,-0.018616137857949244,-0.02556356899186828,0.3524601005103825,-5.432537673907294,-0.008634786126036761,762.7224307918557,946.4044666768631,-0.09636096092921351,717.3262761108297
-0.06763033341211058,16059.60727865415,-57.18887990386532,-6.44969332598593,18688.5628848871,-6.5432459378860806,847.536270254556,24870.747089428314,-11.141259932400034,21521.694682128942,17965.52241705724,-35.777730934353286,-0.2522934825617993,0.17225776966182466,0.09115630343155574,-4.585256015662513,-4.288249352258636,-29.454727531676472,1.1254108344882263,-0.012794245925708044,-0.6487246447541917,-17.20657260929209,-0.013846724085180636,-0.014969156918369229,-14.474682783280327,-2.061496738854917,-7.842019708518543,0.0892341819089775,19349.537747740193,18961.381605832114,-0.007255573517429729,21855.555352297084
-38.40162841930434,-20.244577867438963,0.01545894254330851,-0.7398766321765419,-10.80073011905103,-0.6155561809742578,-67.55653368631856,-11.141259932400034,31515.41986107667,-17.508396068685048,-13.865953513983987,-1.4058814016294214,-96.20014460201543,-1.392398463763432,0.07511294731097727,-0.41434001688324235,-0.42247735115181945,96.9686214672851,-10.11781914034114,-0.30911211905136643,-7.816428720231919,-1.873090411381178,0.07084194074444075,0.03896816709316942,-0.9622776169396294,-4.44388800897379,-50.15114669350477,-0.2043464343393845,-10.338179093327538,-9.057155267142521,0.20809568390697172,-17.498440036776085
-0.10952715556706924,23768.047823813387,-63.49531805519881,-7.769122759365417,20445.16952396183,-7.756661300919367,1326.1403855611532,21521.694682128942,-17.508396068685048,36426.539608959756,23210.67312794016,-44.45171781801085,-0.410220023949315,0.2047548275704575,0.1105401416099818,-5.318203831113664,-5.050640002070865,-38.066384363467115,1.3915468487963643,-0.015431781346223833,-1.1189078955593048,-21.159544840483967,-0.01715776056709726,-0.018556960196986758,-17.515669914632696,-2.4691967821518817,-10.61479565888671,0.10480862544621795,16687.12436323298,16858.210621250644,-0.010452001025130308,24754.662796732406
-0.023740585952599307,32572.54298030274,-50.78157074148207,-4.927925771262507,26134.544525421545,-4.922084396702097,1908.2474789355817,17965.52241705724,-13.865953513983987,23210.67312794016,37672.48909432223,-28.82003124851146,-0.12155808069133174,0.14064580558753023,0.06616066375039889,-3.394733255701275,-3.21732188522065,-29.091850858780937,1.0158061709829438,-0.014637935774013355,-0.3430830129758524,-13.42718162462359,-0.014553558830554,-0.016021584577342037,-11.067277632158564,-1.5088151845051048,-7.683614090308936,0.06385874817456652,16490.918510215677,19349.347086964463,-0.01254647638821493,16092.047887090317
-0.1791918155921334,-30.174467529558022,158.6762180543208,11419.090574524656,-28.256623763751858,13439.472314901719,-0.4334927803621687,-35.777730934353286,-1.4058814016294214,-44.45171781801085,-28.82003124851146,68011.02525976577,-0.48977677828639987,-124.51855029131248,-164.02870962534823,10103.577241470535,8767.603388702943,-93.43380659665249,188.97685643734877,-0.20546073979169635,219.5372431821297,23554.760111853095,-0.8078484408897048,-0.09965550277150692,31611.086978168783,3368.386919013778,-103.12282601574373,-164.91639923453857,-49.49050050039561,-32.09208980115381,-0.029570466130616237,-65.07523728473464
24511.3971534748,-0.09410450312221506,0.056721542350495625,-0.6591774836476293,-0.13554019233568254,-0.4492944803969966,0.7079871788244813,-0.25229348256160755,-96.20014460201543,-0.410220023949315,-0.12155808069133174,-0.48977677828639987,81186.2271735579,-30.63152488185775,0.49179411227350706,-0.27343937718119,-0.29835441483700814,-83.23655612069489,-120.36828304673136,-68.70482375727326,-7.8040158829386925,-1.7819048271725528,-34.891158448003964,-64.77046650716694,-0.5662670321981725,-15.56062486593913,-18.810656328018954,-7.41652911238925,-0.22180260688104841,-0.14009914220278624,-593.5210430873019,-0.5536106963786201
-9.575811438607465,0.1494460281646013,-0.2765146827126543,-200.3705453914059,0.1379872986679837,-142.67970532564718,0.052306747883197634,0.17225776966182466,-1.392398463763432,0.2047548275704575,0.14064580558753023,-124.51855029131248,-30.63152488185775,70821.19652056987,2010.5585539500312,-99.37195687805175,-111.92850580027137,-126.68757739796088,6860.503435663841,-466.69000625606196,216.42194243884398,-352.9700545403626,-425.9163664175604,-629.3301211400435,-146.49831102912347,-38.24413955603671,-172.64668522844997,27349.380743072412,0.24874918404999424,0.15931276635959038,-4.873757319845566,0.31170447566668275
0.19684439320366348,0.06384648226003167,3.6383982759434934,-395.24526871838594,0.06816876316501828,-286.2009674734915,-0.012386684785991357,0.09115630343155574,0.07511294731097727,0.1105401416099818,0.06616066375039889,-164.02870962534823,0.49179411227350706,2010.5585539500341,78335.71051366658,-208.86706583902773,-235.05188973812105,9.401881956287369,-309.6710558525415,-16.310499315099452,-114.16495507735264,-535.4505907517621,-80.78870230290681,-45.031661113388914,-240.56478395444407,-813.2987029454632,-1.9092356458784883,8081.269146388312,0.13038650704240554,0.08104513277580357,-0.5384002316318192,0.17207555849640763
-0.09919637123158842,-3.261480858380899,-772.0068747615518,36481.68951924538,-3.512895237736495,59166.21277519173,-0.014276073203109545,-4.585256015662513,-0.41434001688324235,-5.318203831113664,-3.394733255701275,10103.577241470535,-0.2734393771810702,-99.37195687805175,-208.86706583902773,79005.80181958714,55261.691625329135,-48.7954876664042,108.3191964773409,0.001841049958568809,195.05183293819934,20888.689821099295,-0.3107853801809364,0.1164848790129767,27739.313690075545,1896.3346525422062,-24.17827948320201,-159.80105874191503,-6.949507801238446,-4.269196497371672,-0.017346986337685073,-8.539655277835466
-0.10732713018810978,-3.1481908371571,-554.9943020843405,44594.01124493364,-3.295210842223722,55420.18944648355,-0.017418820564391726,-4.288249352258636,-0.42247735115181945,-5.050640002070865,-3.21732188522065,8767.603388702943,-0.29835441483700814,-111.92850580027137,-235.05188973812105,55261.691625329135,75456.1488222903,-50.124027023567336,124.06223087056406,0.0035535224869458126,220.60162700787424,21474.153651633827,-0.3459353038625124,0.1320131086721704,22789.08034118239,2109.590111065611,-24.213248198599885,-182.32149984357977,-6.37349161263069,-3.9517445441393595,-0.017953651106432843,-7.966880224769514
-27.294127399879898,-35.76215208320564,-10.969784005608297,-89.7686355314722,-25.868802344687104,-72.36949147282742,-24.477052761715733,-29.454727531676472,96.9686214672851,-38.066384363467115,-29.091850858780937,-93.43380659665249,-83.23655612069489,-126.68757739796088,9.401881956287369,-48.7954876664042,-50.124027023567336,61769.999943968425,-808.2447501279046,3.473640673004045,-854.0802127470364,-222.41288894562624,7.55035436489513,6.4464086075422165,-99.78540397901399,-516.9197279651823,19824.89374263112,-17.343164756785697,-37.81378698355967,-26.718400204263304,0.6634320237630524,-49.92126838004454
-44.551792385056494,1.1710343270211552,-20.005186543070153,326.2644506957105,0.946051377559735,200.23315647968008,0.6304496310234696,1.1254108344882263,-10.11781914034114,1.3915468487963643,1.0158061709829438,188.97685643734877,-120.36828304673136,6860.503435663841,-309.6710558525415,108.3191964773409,124.06223087056406,-808.2447501279046,75657.14150309461,-418.6600088760971,4101.309032707947,941.1931695850487,-503.6477637871059,-485.8844128806316,251.824301087441,8960.551197083756,-485.0384971755288,1048.0166508733048,1.5389097006667618,1.0331797505793794,-2.30983710649153,1.9677851245377613
-152.9299302811093,-0.018565538995939,0.06709840194741788,-0.32381232701179663,-0.012623574028259392,-0.14217693066720058,-0.01920926187076749,-0.012794245925708044,-0.3091121190507913,-0.015431781346223833,-0.014637935774013355,-0.20546073979169635,-68.70482375727326,-466.69000625606196,-16.310499315099452,0.001841049958568809,0.003553522487185456,3.473640673004045,-418.6600088760971,81398.86456699771,-16.005352540080782,-2.1326312456494896,16607.226953834197,33750.76697509436,-0.3421942150608432,-47.31173844600059,-21.490443177502577,-178.16024463449168,-0.017937774900173658,-0.013017895200751299,507.8564356264096,-0.01950689212229925
-2.3782203207480705,-0.35355537961039885,-46.84980435412288,508.438032426174,-0.3471224141570471,332.5483478296678,0.932597358110901,-0.6487246447541917,-7.816428720231919,-1.1189078955593048,-0.3430830129758524,219.5372431821297,-7.8040158829386925,216.42194243884398,-114.16495507735264,195.05183293819934,220.60162700787424,-854.0802127470364,4101.309032707947,-16.005352540080782,44341.34712721881,1437.291670608302,-22.14392730286553,-19.825600881722504,391.04402242564663,6046.408204491021,536.988157153042,-172.89502392683423,-0.47375970592233374,-0.31720102656688304,-0.11433430200535658,-1.4453511890226252
-0.6055285006567542,-13.788092061115412,-453.036248619642,34038.49201584853,-13.357220779275206,29956.408952656653,-0.02048080398173068,-17.20657260929209,-1.873090411381178,-21.159544840483967,-13.42718162462359,23554.760111853095,-1.7819048271725528,-352.9700545403626,-535.4505907517621,20888.689821099295,21474.153651633827,-222.41288894562624,941.1931695850487,-2.1326312456494896,1437.291670608302,86481.44873475785,-4.45322099966797,-2.1097428511573546,34488.32462151179,11133.914101542026,-93.44484069952858,-506.57499660656555,-24.134089677968607,-15.404866666432946,-0.05819925228385264,-31.703113267589316
-49.37450425857341,-0.01797150744387323,0.09731918229483376,-1.1118366463618532,-0.012835806737772052,-0.6656921480409692,-0.01600969603455845,-0.013846724085180636,0.07084194074415318,-0.01715776056709726,-0.014553558830554,-0.8078484408897048,-34.891158448003964,-425.9163664175558,-80.78870230290681,-0.3107853801809364,-0.3459353038625124,7.55035436489513,-503.64776378710815,16607.226953834197,-22.14392730286553,-4.45322099966797,82448.35325761925,42817.72849794176,-1.031991409719842,-69.61477060001621,-3.283393047594612,-180.07702828003457,-0.018853272534521074,-0.013386684374323327,169.687470610118,-0.022370018155268397
-90.59703420808184,-0.019928892097107128,0.08142239234962932,-0.11450260071253976,-0.01404385400878036,0.01080880425237549,-0.018616137857949244,-0.014969156918369229,0.03896816709316942,-0.018556960196986758,-0.016021584577342037,-0.09965550277150692,-64.77046650716694,-629.3301211400435,-45.031661113388914,0.1164848790129767,0.1320131086721704,6.4464086075422165,-485.8844128806316,33750.76697509436,-19.825600881722504,-2.1097428511573546,42817.72849794176,95528.36558679256,-0.2267890630678967,-57.40045049206446,-8.423896939656146,-251.62328455577952,-0.020372398652490686,-0.014566704524342071,544.8108319584532,-0.023926656675428766
-0.20101472279280158,-11.14186702008299,-1139.0428812445753,25200.29798381818,-11.152132228479687,34270.771578503074,-0.02556356899174846,-14.474682783280327,-0.9622776169396294,-17.515669914633847,-11.067277632158564,31611.086978168783,-0.5662670321980048,-146.49831102912347,-240.56478395444407,27739.313690075516,22789.080341182416,-99.78540397901399,251.82430108744254,-0.3421942150608432,391.04402242564663,34488.32462151179,-1.031991409719842,-0.2267890630678967,79587.7788575626,3762.850292405938,-60.06426085014525,-210.54554421316362,-20.755798685639224,-13.073677146046068,-0.028304492237263914,-26.826417757009636
-5.218681447728719,-1.4355799492663126,-70.92006416090925,4670.140316495067,-1.5589027264423883,3117.477561864454,0.3524601005102627,-2.061496738854917,-4.44388800897379,-2.4691967821518817,-1.5088151845045294,3368.386919013778,-15.56062486593913,-38.24413955603671,-813.2987029454632,1896.3346525422062,2109.590111065611,-516.9197279651823,8960.551197083756,-47.31173844600059,6046.408204491021,11133.914101542026,-69.61477060001621,-57.40045049206446,3762.850292405938,78723.27898640893,35.56755738575639,-1012.3002207959101,-3.003536705807735,-1.8660622019287587,-0.376213232806649,-3.8605353171457097
-12.90158874262521,-9.561438350248078,-11.458645888546776,-38.443139696379184,-6.766247526836035,-34.96553881032322,-5.432537673907294,-7.842019708518543,-50.15114669350477,-10.61479565888671,-7.683614090308936,-103.12282601574373,-18.810656328018954,-172.64668522844997,-1.9092356458784883,-24.17827948320201,-24.213248198599885,19824.89374263112,-485.0384971755288,-21.490443177502577,536.9881571530298,-93.44484069952858,-3.283393047594612,-8.423896939656146,-60.06426085014525,35.56755738575639,58576.262629085955,-56.051012481866124,-9.424979952205728,-6.792954362828888,-0.5682432850474943,-13.469401047417731
-2.086865515545024,0.05998276002442478,2.4446503168986413,-305.2934697711302,0.06678792470441858,-221.05768387872183,-0.008634786126036761,0.0892341819091213,-0.2043464343393845,0.10480862544621795,0.06385874817456652,-164.91639923453857,-7.41652911238925,27349.380743072474,8081.269146388312,-159.80105874191503,-182.32149984357977,-17.343164756785697,1048.0166508733048,-178.16024463449168,-172.8950239268312,-506.57499660656555,-180.07702828003457,-251.62328455577952,-210.54554421316362,-1012.3002207959101,-56.051012481866124,66811.73065345595,0.13215932028251512,0.08112511119975237,-2.084864817756859,0.16849390867151434
-0.06031506628244958,14107.672119792176,-91.0793449233362,-9.3055247724236,17738.021580298195,-9.643508204467334,762.7224307918557,19349.537747740193,-10.338179093327538,16687.12436323298,16490.918510215677,-49.49050050039561,-0.22180260688104841,0.24874918404999424,0.13038650704240554,-6.949507801238446,-6.37349161263069,-37.81378698355967,1.5389097006667618,-0.017937774900173658,-0.47375970592233374,-24.134089677968607,-0.018853272534551026,-0.020372398652490686,-20.755798685639224,-3.00353670580716,-9.424979952205728,0.13215932028251512,39007.80037543037,23403.677966754596,-0.007821051263961324,24164.964597473754
-0.035321944564838684,16601.73390402008,-58.9364594008971,-5.8505761388402755,20741.159295175414,-5.997366755578083,946.4044666768663,18961.381605832114,-9.057155267142521,16858.210621250644,19349.347086964463,-32.09208980115381,-0.14009914220278624,0.15931276635975813,0.08104513277580357,-4.2691964973722465,-3.9517445441393595,-26.718400204263304,1.0331797505793794,-0.013017895200751299,-0.31720102656688304,-15.404866666432946,-0.013386684374323327,-0.014566704524342071,-13.073677146046068,-1.8660622019287587,-6.792954362828888,0.08112511119975237,23403.677966754596,27033.71306027302,-0.007587155289882287,18031.639495711064
-756.6458501909526,-0.019206196741323674,-0.0031023864372694263,-0.025427609278591556,-0.009204040846965017,-0.022634929435744307,-0.09636096092920751,-0.007255573517429729,0.20809568390678002,-0.010452001025133304,-0.012546476388211934,-0.02957046613058029,-593.5210430873019,-4.8737573198454704,-0.5384002316318192,-0.017346986337685073,-0.017953651106432843,0.6634320237629566,-2.3098371064914343,507.8564356264096,-0.11433430200516487,-0.05819925228384066,169.68747061011646,544.8108319584501,-0.028304492237257922,-0.376213232806673,-0.5682432850474943,-2.0848648177567637,-0.007821051263958328,-0.007587155289915239,88323.92508008043,-0.008304286517646064
-0.1546560800105497,15158.773738029437,-94.82506806579057,-11.943986454337743,16374.446193804495,-12.15936756576397,717.3262761108297,21855.555352296295,-17.498440036776085,24754.66279673178,16092.047887090317,-65.07523728473502,-0.5536106963786681,0.31170447566665876,0.17207555849638367,-8.539655277835466,-7.966880224769705,-49.92126838004492,1.967785124537857,-0.01950689212231123,-1.4453511890222417,-31.70311326758912,-0.022370018155262406,-0.023926656675434758,-26.826417757009636,-3.860535317145901,-13.469401047418497,0.16849390867151434,24164.964597473223,18031.639495710548,-0.008304286517646064,41426.40020214617
