0,1,2,3,4,5,6,7,8,9,10,11,12,13,14,15,16,17,18,19,20,21,22,23,24,25,26,27,28,29,30,31
127944.47077204303,-33934.27635329,163111.37638000635,92304.78640441985,-34629.929711959696,145447.97183707825,119203.64631226246,179991.9713013689,85430.45661589141,-23534.199073136802,-43722.81654902143,144696.81524189177,-33306.767994942384,157486.58072434753,102491.23126944772,60491.07065602392,-39104.95914838475,167440.67789769845,-33561.29318047061,88431.8331910846,-23455.346033574962,118422.2263451796,122647.41305469906,-26626.215193886364,167199.37458911983,133830.07060300614,65664.06339886089,-32769.28833203504,174921.04865468066,-49866.06777430459,-38651.15740272545,70119.97453462063
-33934.27635329,459696.9788994457,-54867.73628091336,-23964.845174300495,287124.85341673566,-49300.93728018942,-30458.34379588,-77160.51711339132,-19116.52550360989,389852.37524826184,471765.6181282293,-48683.040456293566,163283.08064412425,-49481.29935759191,-34177.645613260254,-13343.446307778013,261773.9719585313,-73656.30794825718,373866.53756392497,-20915.30322717397,285464.07951930334,-32377.588273712066,-54788.25254022729,184660.47910277636,-61497.97527816926,-35792.99070594479,-19650.776120810882,139294.22530534366,-68726.2511633745,434464.3415386963,373035.4187468209,-14665.101829321035
163111.37638000635,-54867.73628091336,322892.14156919916,86827.63893749863,-49324.17658985441,192718.02064774674,198834.59012398068,368952.0836686972,98608.17742134555,-37890.06831126162,-71863.30847436092,340183.9320390146,-42187.90078973506,251487.9740890156,101514.71318823888,47777.37378558078,-56792.73922157294,283672.5595118818,-51053.11763637036,167778.11157375568,-33742.2509413293,132920.4388317327,157282.118250839,-33185.213201367354,367096.2510668348,202264.73504887774,45274.32664479806,-44157.8969649094,322232.3703199902,-83467.1504031869,-59289.164745453265,97968.30648652189
92304.78640441985,-23964.845174300495,86827.63893749863,87305.61541649152,-27590.693261107965,105315.12220465916,69248.24893928514,96029.96889509966,67699.780774702,-16675.131680660743,-30338.162303988203,63699.019696492076,-28808.66778782941,97704.74721167993,94450.36635999022,63215.460329103924,-30853.764717010243,103530.51840609385,-25228.07972137052,44469.61720175784,-18452.73242858561,96216.77330592982,93723.50207255488,-23190.577354291323,82020.09086799402,84542.54551466204,75753.94394418743,-27549.4952978313,100654.09109593627,-33791.22150944933,-28897.1112265252,47601.23039100034
-34629.929711959696,287124.85341673566,-49324.17658985441,-27590.693261107965,280960.43534584215,-49227.41151690617,-28491.467868673673,-68514.1140538198,-20556.082444557054,233708.76436581195,303326.1476723135,-41402.10847041359,215008.10649221644,-47021.72423553532,-38018.50083486612,-16765.2175011054,268989.3097337868,-67774.46785861872,289111.08828087326,-18406.845949865943,229698.03465015776,-34591.92494857802,-53727.28146328154,217816.25317954135,-53802.94865097655,-34599.88353202257,-25044.57825175801,181480.78796519618,-62621.29674256736,278920.6448629797,301592.75217386574,-14684.859615163612
145447.97183707825,-49300.93728018942,192718.02064774674,105315.12220465916,-49227.41151690617,186169.74959779135,128856.49824287146,226793.00122076456,89837.48065682444,-34301.93065092037,-63499.648361341424,164367.80138902768,-46627.62531795214,188882.47468523926,130308.4749260383,64089.13791397525,-55193.43180807822,222117.3818556523,-48240.639169517555,90811.89855095283,-33692.50479359062,138265.79152196474,170179.75679648854,-37694.30478088328,198687.55160425842,149788.74971408013,78188.15007062492,-45148.64559959345,220978.881702529,-72589.62037799848,-55405.12237399948,70490.04948141966
119203.64631226246,-30458.34379588,198834.59012398068,69248.24893928514,-28491.467868673673,128856.49824287146,143973.03949624745,211392.65262361823,80193.29306714064,-21032.957878692483,-39753.04883367835,207141.1541802803,-25368.119275650315,164947.16553122824,74228.97151758855,43346.966124722196,-32679.482525582236,168930.12439372274,-28870.75168102801,124279.58666666286,-19375.017682282247,98788.2418388868,100987.63501890289,-19961.030918005094,216696.59220193396,143961.505274585,38550.0039467068,-26144.827351628344,192125.60067172564,-45992.59608429162,-33476.75334140455,80131.14466180859
179991.9713013689,-77160.51711339132,368952.0836686972,96029.96889509966,-68514.1140538198,226793.00122076456,211392.65262361823,460730.5541195046,103851.23651166975,-53343.45027208978,-101041.83724197722,382985.0978494445,-57787.27867155258,286978.3852840083,118548.72907704365,50636.849472512964,-78889.84490145704,356534.66915492626,-71406.64069969842,172664.85325075994,-47038.70916000208,148664.48965230456,195578.9942415561,-45600.624802489234,429977.69531538984,220398.49213747468,51655.93134884094,-60648.08487740866,392633.63568661,-117296.19666346462,-82913.51328385615,99838.11012435758
85430.45661589141,-19116.52550360989,98608.17742134555,67699.780774702,-20556.082444557054,89837.48065682444,80193.29306714064,103851.23651166975,65886.70877965153,-13231.417185443419,-24528.080669056835,87420.35442616684,-20567.15809173964,97161.76449165576,68250.91774587469,50938.42067749963,-23230.08688248512,97013.95463004672,-19407.53971826733,61904.22773334023,-13771.909908869382,80335.26544344379,73376.88845876361,-16372.356802292466,99002.55685738915,87899.3141930766,49962.45459409996,-20192.583660347307,102534.61633500314,-27768.190401071875,-22353.124854914633,55108.00128995532
-23534.199073136802,389852.37524826184,-37890.06831126162,-16675.131680660743,233708.76436581244,-34301.93065092037,-21032.957878692483,-53343.45027208978,-13231.417185443419,372869.394216595,369361.94741340034,-33518.26772555601,127889.72846039716,-34269.27905940832,-23922.40528749871,-9246.129455671202,200106.9573813317,-51137.9105809796,313468.0030134313,-14404.808818111089,267310.36111717846,-22508.36035217839,-38392.71292512112,161774.59548153746,-42419.34819394685,-24764.406291197873,-13766.517090601761,102790.66557193866,-47578.41443358844,326251.08436818654,296765.2941899441,-10116.663651732377
-43722.81654902143,471765.6181282293,-71863.30847436092,-30338.162303988716,303326.147672314,-63499.648361341424,-39753.04883367835,-101041.83724197722,-24528.080669056835,369361.94741340034,538328.1170107111,-64236.46417219905,176739.14208233927,-64313.1855358685,-43220.41961191897,-16761.442616292214,295453.02384843596,-95827.17147505132,385255.3140177565,-27523.80451402285,270808.69413581275,-41408.596766669776,-70290.41808618381,182208.86408999952,-80806.94070014154,-46482.46456090447,-24351.632851772087,160151.04398312134,-89706.08288419753,529296.5452184726,406473.448318169,-19026.853284361106
144696.81524189276,-48683.040456294075,340183.9320390146,63699.019696492076,-41402.1084704141,164367.8013890282,207141.1541802803,382985.0978494445,87420.35442616684,-33518.26772555601,-64236.46417219905,415471.40144252504,-33153.06616401116,238508.41920754584,73059.71777126398,31103.658895279525,-48359.91063407193,263438.7147253322,-44169.49123991324,194519.19069317845,-28339.06257508586,108784.79974156016,126630.66521999739,-25629.519416551575,411568.8142035406,195720.08563793494,22433.447658582572,-36404.54127926169,316251.2713540371,-75115.52170148377,-51576.0012014015,99864.2407272548
-33306.76799494342,163283.08064412425,-42187.90078973506,-28808.66778782941,215008.10649221644,-46627.62531795214,-25368.119275650824,-57787.27867155258,-20567.15809173964,127889.72846039716,176739.14208233927,-33153.06616401116,220466.48001506634,-42583.391332837986,-38731.15891705879,-18497.92532036104,220711.4752022761,-59676.82128274079,188716.6214316631,-15374.431284519133,156079.8624085239,-34417.047063394995,-50419.935220695384,195542.4669177032,-44582.28007299119,-31788.228035927084,-27383.365697055026,188944.60771059728,-54426.79832134578,163418.05565097704,203376.17095341533,-13911.881973509046
157486.58072434753,-49481.29935759191,251487.9740890156,97704.74721167993,-47021.72423553532,188882.47468523926,164947.16553122824,286978.3852840083,97161.76449165576,-34269.27905940832,-64313.1855358685,238508.4192075469,-42583.391332837986,222075.88881724296,114631.02672425011,57990.9079891901,-53469.61840779837,248112.94343806145,-47259.34867179771,128022.0006949129,-32116.301409763146,137529.5165680922,159585.3024069715,-33913.59642386567,270149.9581821678,178974.22885462327,61727.868933462196,-42874.90296130035,266536.44667350594,-74151.25016083532,-54606.76533028294,86201.42410347621
102491.23126944772,-34177.645613260254,101514.71318823888,94450.36635999022,-38018.50083486612,130308.4749260383,74228.97151758855,118548.72907704365,68250.91774587469,-23922.40528749871,-43220.41961191897,73059.71777126398,-38731.15891705879,114631.02672425011,118823.34287680344,62263.50399175295,-42126.29073657463,132807.03595261517,-35362.75317409152,45443.08468748776,-25804.116749591467,108568.03675935285,127632.036238259,-31625.11819728042,96954.61082428366,93298.4546202349,86628.84622997533,-36306.00880315059,123923.45814004654,-48288.77188618922,-40349.56533525158,46272.220316865554
60491.07065602392,-13343.446307778013,47777.37378558078,63215.460329103924,-16765.2175011054,64089.13791397525,43346.966124722196,50636.849472512964,50938.42067749963,-9246.129455671202,-16761.442616292214,31103.658895279525,-18497.92532036104,57990.9079891901,62263.50399175295,53774.670682152624,-18754.387983791457,57652.84449770637,-14713.424525343253,27412.791949456732,-11036.399519044407,64345.738037544026,55335.67210208366,-14826.497428636174,42363.26830380171,53244.46983457159,57478.29045501651,-17625.58244595214,55568.59411731546,-18401.845063465113,-16851.86711578708,35943.80009810024
-39104.959148385264,261773.9719585313,-56792.73922157294,-30853.764717010243,268989.3097337868,-55193.43180807822,-32679.482525582236,-78889.84490145704,-23230.08688248512,200106.9573813312,295453.02384843596,-48359.91063407193,220711.4752022761,-53469.61840779889,-42126.29073657463,-18754.387983791457,282446.7406349531,-76751.17423869592,266871.4688113338,-21366.433214883178,199022.91378021648,-38808.3107721093,-59070.98927977406,199387.1362666516,-62371.96042101007,-39403.103776398195,-27842.69554363975,201969.81369561647,-71557.12101646382,284808.04446599697,292452.909504989,-16770.705544896624
167440.67789769845,-73656.30794825718,283672.5595118818,103530.51840609385,-67774.46785861872,222117.3818556523,168930.12439372274,356534.66915492626,97013.95463004672,-51137.910580980635,-95827.17147505132,263438.7147253322,-59676.82128274079,248112.94343806145,132807.03595261517,57652.84449770637,-76751.17423869592,321430.9821379086,-69286.0810001647,126500.83027500246,-46792.000011610704,148875.7298599641,207288.36756477348,-47994.630452203,312049.4905831359,187984.70766806326,67212.22024096832,-59690.90395327398,325462.30375389935,-110803.80997623294,-79936.66397187502,83170.16980436839
-33561.29318047061,373866.53756392497,-51053.11763637036,-25228.07972137052,289111.08828087326,-48240.639169517555,-28870.75168102801,-71406.64069969842,-19407.53971826733,313468.0030134313,385255.3140177565,-44169.49123991426,188716.6214316631,-47259.34867179771,-35362.75317409152,-14713.424525343253,266871.4688113354,-69286.0810001647,340057.5883090664,-19267.68045588751,265687.9065352587,-32778.11016774594,-53143.390495521264,205202.94740338312,-56519.817626150376,-34466.86467131839,-21901.90615670862,158914.51298279763,-64354.24892776802,351703.0298981624,343368.2426037578,-14361.748174535936
88431.83319108358,-20915.30322717397,167778.11157375568,44469.61720175784,-18406.845949865943,90811.89855095283,124279.58666666286,172664.85325075994,61904.22773334023,-14404.808818111089,-27523.80451402285,194519.19069317845,-15374.431284519133,128022.00069491392,45443.08468748776,27412.791949456732,-21366.433214883178,126500.83027500246,-19267.68045588751,122433.86490218109,-12552.74668978878,68325.23950191858,67049.94922218048,-11917.518993056068,189273.1199765753,115119.46109466198,18613.42451771049,-16486.497478665387,151427.02937573934,-32134.910341726,-22449.172020679543,71685.85803723385
-23455.346033574962,285464.07951930334,-33742.2509413293,-18452.73242858561,229698.03465015723,-33692.50479359062,-19375.017682282247,-47038.70916000208,-13771.909908869382,267310.36111717846,270808.69413581275,-28339.06257508586,156079.86240852444,-32116.30140976212,-25804.116749591467,-11036.399519044407,199022.91378021648,-46792.000011610704,265687.9065352587,-12552.74668978878,241406.01357552197,-23366.744796962892,-37499.264236277144,189160.85092302968,-36833.758994601114,-23514.469928090868,-16614.78913894104,121784.6156507465,-43000.05066252732,235516.10994986843,254589.83515504896,-9877.435574801646
118422.2263451796,-32377.588273712066,132920.4388317327,96216.77330592982,-34591.92494857802,138265.79152196474,98788.2418388868,148664.48965230456,80335.26544344379,-22508.36035217839,-41408.596766669776,108784.79974156016,-34417.04706339551,137529.5165680922,108568.03675935285,64345.738037544026,-38808.3107721093,148875.7298599641,-32778.11016774594,68325.23950191858,-23366.744796962892,116745.58510098106,121253.20609599822,-27679.23466325518,132020.19134314888,116008.39474387001,75496.60391140339,-33257.153869111746,149260.8920198039,-46809.69672993443,-37628.780338046985,60716.97649101631
122647.41305469906,-54788.25254022729,157282.118250839,93723.50207255488,-53727.28146328154,170179.75679648854,100987.63501890289,195578.99424155505,73376.88845876361,-38392.71292512112,-70290.41808618381,126630.66521999739,-50419.935220695384,159585.3024069715,127632.036238259,55335.67210208366,-59070.98927977406,207288.36756477348,-53143.390495521264,67049.94922218048,-37499.264236277144,121253.20609599822,181101.744800397,-41863.703856738764,160825.558732221,121849.96474590612,75558.39046337419,-46474.07252767568,192903.61794759586,-80453.54843024534,-60582.93859281663,54222.50645274
-26626.215193886364,184660.47910277636,-33185.213201367354,-23190.577354291323,217816.25317954135,-37694.30478088328,-19961.030918005094,-45600.624802489234,-16372.356802292466,161774.59548153746,182208.86408999952,-25629.519416551575,195542.4669177032,-33913.59642386567,-31625.11819728042,-14826.497428636174,199387.1362666516,-47994.630452203,205202.94740338312,-11917.518993056068,189160.85092302968,-27679.23466325518,-41863.703856738764,214627.023327717,-34832.14351149038,-25215.204053892914,-22211.01722330689,151095.92839902357,-43267.47748289635,159088.909490324,206232.1988363375,-10954.952118155385
167199.37458912033,-61497.97527816977,367096.2510668348,82020.09086799402,-53802.94865097655,198687.55160425842,216696.59220193396,429977.69531538984,99002.55685738915,-42419.34819394685,-80806.94070014154,411568.8142035406,-44582.28007299119,270149.9581821683,96954.61082428366,42363.26830380171,-62371.96042101058,312049.4905831359,-56519.817626150376,189273.1199765753,-36833.758994601114,132020.19134314888,160825.558732221,-34832.14351149038,435970.6889646519,215109.62984028654,37717.8294707883,-47723.329136342596,361219.9244311216,-94094.72871529782,-65805.90883580262,103313.78919668181
133830.07060300614,-35792.99070594479,202264.73504887774,84542.54551466204,-34599.88353202257,149788.74971408013,143961.505274585,220398.49213747468,87899.3141930766,-24764.406291197873,-46482.46456090447,195720.08563793494,-31788.228035927084,178974.22885462327,93298.4546202349,53244.46983457159,-39403.103776398195,187984.70766806326,-34466.86467131788,115119.46109466198,-23514.469928090868,116008.39474387001,121849.96474590612,-25215.204053892914,215109.62984028654,152788.2068886349,52959.0999397044,-32067.769942175477,205809.36812431476,-53495.23159874014,-39846.00893353429,80007.63684440461
65664.06339886089,-19650.776120810882,45274.32664479806,75753.94394418743,-25044.57825175801,78188.15007062492,38550.0039467068,51655.93134884094,49962.45459409996,-13766.517090601761,-24351.632851772087,22433.447658582572,-27383.365697055026,61727.868933462196,86628.84622997533,57478.29045501651,-27842.69554363975,67212.22024096832,-21901.90615670862,18613.42451771049,-16614.78913894104,75496.60391140339,75558.39046337419,-22211.01722330638,37717.8294707883,52959.0999397044,82087.93797250488,-25833.856047446337,59548.56237620782,-26313.854036997647,-24965.95959168796,29966.897786928148
-32769.28833203504,139294.22530534366,-44157.8969649094,-27549.4952978313,181480.78796519618,-45148.64559959345,-26144.827351628344,-60648.08487740866,-20192.583660347307,102790.66557193866,160151.04398312082,-36404.54127926169,188944.60771059728,-42874.90296130087,-36306.00880315059,-17625.58244595214,201969.81369561693,-59690.90395327398,158914.51298279763,-16486.497478665387,121784.6156507465,-33257.153869111746,-46474.07252767568,151095.92839902357,-47723.329136342596,-32067.769942176506,-25833.856047446337,187364.70336270172,-55773.44822891479,155133.05804763324,178508.32991023027,-14069.707159555903
174921.04865468066,-68726.2511633745,322232.3703199902,100654.09109593627,-62621.29674256736,220978.881702529,192125.60067172564,392633.63568661,102534.61633500314,-47578.41443358844,-89706.08288419753,316251.2713540371,-54426.79832134578,266536.44667350594,123923.45814004654,55568.59411731546,-71557.12101646382,325462.30375389935,-64354.24892776854,151427.02937573934,-43000.05066252732,149260.8920198039,192903.61794759688,-43267.47748289635,361219.9244311216,205809.36812431476,59548.56237620782,-55773.44822891479,350211.8671948916,-103909.3345863426,-74509.69067931181,93761.60015365903
-49866.06777430356,434464.3415386963,-83467.1504031869,-33791.22150944933,278920.6448629797,-72589.62037799848,-45992.59608429162,-117296.19666346462,-27768.190401071875,326251.08436818654,529296.5452184726,-75115.52170148377,163418.05565097704,-74151.25016083532,-48288.77188618922,-18401.845063465113,284808.04446599697,-110803.80997623294,351703.0298981624,-32134.910341726,235516.10994986843,-46809.69672993443,-80453.54843024534,159088.909490324,-94094.72871529782,-53495.23159874014,-26313.854036997647,155133.05804763324,-103909.33458634207,567144.6914775533,383301.35056627746,-21830.683360738203
-38651.15740272545,373035.4187468209,-59289.164745453265,-28897.111226525714,301592.7521738653,-55405.122373998456,-33476.75334140455,-82913.51328385668,-22353.12485491412,296765.2941899436,406473.448318169,-51576.0012014015,203376.1709534148,-54606.76533028243,-40349.56533525107,-16851.867115787594,292452.909504989,-79936.66397187606,343368.24260375835,-22449.172020679543,254589.83515504847,-37628.780338046985,-60582.93859281663,206232.1988363365,-65805.9088358021,-39846.00893353429,-24965.959591688472,178508.32991022975,-74509.69067931078,383301.3505662764,362039.93091443455,-16623.74066529946
70119.97453462063,-14665.101829321035,97968.30648652138,47601.23039100034,-14684.859615163612,70490.04948141913,80131.1446618081,99838.11012435809,55108.0012899548,-10116.663651732377,-19026.853284360597,99864.24072725429,-13911.881973509046,86201.42410347621,46272.22031686607,35943.80009809973,-16770.705544896624,83170.16980436839,-14361.748174535936,71685.85803723385,-9877.435574802159,60716.97649101579,54222.50645273948,-10954.952118155385,103313.78919668132,80007.63684440358,29966.897786928148,-14069.707159555903,93761.60015365802,-21830.683360738203,-16623.74066529946,55223.708265089386
