0,1,2,3,4,5,6,7,8,9,10,11,12,13,14,15,16,17,18,19,20,21,22,23,24,25,26,27,28,29,30,31
947712.7316081608,-110.31161817496483,-385.25681076541224,-2055.0337453041834,-0.023356002607064292,19.673513189576777,-6.049673265428751,-9.153757333920867,-693.5782954929566,-1961.2911227656216,-864.576840902948,-120.86186647027166,132781.7414160367,-6508.048210096396,-5.886133995601412,-5360.00263516499,-62.04130859486924,-299.91798854719156,-15.434585019753635,-168.45603125288233,-238.86290909301513,7434.737183809528,28.193177034309514,-14.418971340868953,3.648177430886072,-1353.6171778307228,-6416.978156472684,-21.282470520765294,5.999362182141504,-2670.4098691046406,28.436080234159913,-6.311615107240411
-110.31161817496483,1664529.569642357,-3170.410453902108,7572.292757783879,-1580.6932661724902,-17357.734315988884,4961.0809280047,9925.66262863914,-17.205452889122956,-66.2092568369944,-47.46801516293669,14956.804985389033,-275.06905314803095,-25.644633445921666,-2113.8573349556996,2532.227993866538,4502.244000753429,-48.61758645927961,33912.9686598071,-5379.617823867089,-17.282861412095126,-48.116159094412964,-1399.3377857761266,5678.105774520426,-20292.671573594933,-252.48757290685208,-42.79894730863157,-2736.5980381871273,-1347.9959664820735,-148.61876043835926,-1634.4180816674696,5000.450209168088
-385.25681076541224,-3170.410453902108,1152309.7653106847,-13919.37517264131,-2025.6400618437385,-1053.5405873770392,-8889.990549747263,-2844.400870842452,-15.68100936423207,-55.82078990432863,-39.75370747077097,-14503.470539165797,283.0192843657858,-453.90490995032775,-1089.37873207312,-12610.988762060075,-7329.195760395838,-40.743025732095845,-5265.578776481626,445190.9635972889,-15.68044685980674,-1005.8865630626813,-11940.857342954088,-359.13793225187516,-11798.977501518179,41138.99459955822,-890.4281701276826,81682.74519829285,-4412.382523753985,2971.8881889737063,-13277.511530804277,-2198.553921965913
-2055.0337453041834,7572.292757783879,-13919.37517264131,1277842.5969728297,-9.402407255987303,-4008.4978892182016,-743.3478390374212,-219.7083635450787,-34.132001676553635,-121.52845327904794,-66.87056899472677,17511.019945552627,-4197.521041259343,-60.432258868398094,-53.69887394617952,454232.468553282,8409.114372517357,-44.778471927846994,-553.7485167823137,-10414.59017463041,-16.775237586212747,-625.2341074105958,43.88077543000174,-150.1798259232061,-1276.1988171024498,-534.0593209370357,-78.60047347758899,-949.3421130506591,5.364254911839274,-733.3653250908243,52.452913449430895,-141.61176093080545
-0.023356002607064292,-1580.6932661724902,-2025.6400618437385,-9.402407255722796,562116.5702363732,-221.5240801165702,-3247.6435581214646,33780.24069749537,-38.93416213962792,-191.64567186237127,-183.34984663617666,63.28935520849363,-3.334800049231539,118.47858608379256,223343.12626056562,-0.6159937878671121,48.88437904212166,-243.1563334887816,-2130.639804859543,-1044.287881517573,-78.17347963732229,27.932619103929532,95219.94637866241,75333.09033101315,-2277.5166067496134,-2368.753771374091,-25.412470295469628,-2726.499088391151,253870.72266106657,-1233.0454473703433,113525.49127535446,47672.330712218914
19.67351318970903,-17357.734315988884,-1053.5405873770392,-4008.4978892182016,-221.5240801165702,767290.4785142561,19333.79831487669,-6119.694618287443,-0.5534663647344987,-2.050164296239931,-1.7604607229779377,12598.727763721257,57.67730780515693,-9.168369080490354,-343.5390795678025,-1323.9289065207925,54202.995383311085,-2.193795219454348,-8923.98857421582,35484.64041533603,-0.8439163042294513,15.349797717807851,-719.2698240336657,-1212.5591574813186,76724.02464645782,-842.4622317216263,-21.887933664687022,-8937.38356669137,-366.8847807964462,-334.708645337578,-865.9283508526689,-4017.364793798733
-6.049673265428751,4961.0809280047,-8889.990549747263,-743.3478390374212,-3247.6435581214646,19333.79831487669,1130376.4873173144,190966.3356768566,-10.779301076051459,-45.76161202659922,-38.37338385496334,-6421.428722537687,2.650423437353567,-6.6067208885878435,-8368.677043239575,-278.7226694056446,-4361.714210732231,-45.970948367715586,616072.782072865,-6268.445558039545,-15.6348815037276,-8.712620531433464,-8650.371715725216,-3020.23270274999,513378.08176914643,-211.59243332191454,-2.3860870206328295,-24688.558962755866,-4113.214834676028,39.2207525086367,-9944.92221504906,112643.63140898687
-9.153757333920867,9925.66262863914,-2844.400870842452,-219.7083635450787,33780.24069749537,-6119.694618287443,190966.3356768566,1121115.6470843086,-23.984155248613774,-114.05684483281252,-104.74047746777468,-1878.0950256042336,-3.8712612454827076,38.97607218471514,56215.558634214496,-118.70593674182756,-2565.160385451328,-134.39403007653,497533.5391679384,-2355.882871512098,-43.320930840695496,-8.659628627224613,5363.594606150599,-5686.150130693866,61403.53831144604,-186.1649455663367,14.797607217887354,-25857.34563579068,24762.065031224214,-42.14329848294628,9799.121366494932,724119.5806701954
-693.5782954929566,-17.205452889122956,-15.68100936423207,-34.132001676553635,-38.93416213962792,-0.5534663647344987,-10.779301076051459,-23.984155248613774,236426.23324691944,197463.60175902938,163436.59051022798,-8.697874829181599,24.467854984172273,-2531.377863203184,-64.3206963435837,-49.17768619943568,-4.63271835186518,87997.65566765335,-20.707738341491563,-7.555088588367877,67469.28426066489,-439.8301939933373,-101.11915501720173,-23.285848961970004,-5.059394097634709,-150.72849380901815,-1802.2599320062855,-7.098135227530935,-54.77903520344235,-248.88727665300186,-99.76711638014928,-24.1026911545654
-1961.2911227656216,-66.2092568369944,-55.82078990432863,-121.52845327904794,-191.64567186237127,-2.050164296239931,-45.76161202659922,-114.05684483281252,197463.60175902938,806064.0293259424,408412.0919745074,-30.914105791215867,196.68574875807195,-7319.95881636428,-312.34561354552136,-178.63157595441945,-16.494635447947665,201075.12833957208,-89.74655832595026,-27.821956418750705,64243.12210202591,-1794.1350414405272,-501.37951675483447,-66.9009846947945,-21.03854134189677,-445.5275507846634,-4650.258726098066,-29.799863051241978,-273.38511340944154,-587.1519987865162,-498.4200022672384,-117.41350381489697
-864.576840902948,-47.46801516293669,-39.75370747077097,-66.87056899472677,-183.3498466363089,-1.7604607229779377,-38.37338385496334,-104.74047746797307,163436.59051022798,408412.0919745074,481865.46323872445,-19.093152345911847,60.424399687438545,-6875.547595651556,-296.07972162312063,-90.57052248938757,-10.224506271017832,260146.36829983175,-76.68001990854799,-19.156029822855604,84252.42114774302,-1215.2112243505119,-487.1399449212601,-55.039279166593154,-17.394331086714963,-417.407600576298,-4271.683147695885,-24.099172773197974,-266.1229258726481,-537.8980674232762,-484.68663988450066,-109.70741735556933
-120.86186647013942,14956.804985389033,-14503.470539165797,17511.019945552627,63.28935520849363,12598.727763721257,-6421.428722537687,-1878.0950256042336,-8.697874829181599,-30.914105791215867,-19.093152345911847,990881.2834369154,-376.4576552002809,-17.040102877339137,11.890698228605984,5814.84606538471,423351.0555043649,-15.997905412196475,-5729.249213445454,-20276.05729865471,-6.1259383195912935,-36.905598163561876,152.32257305312595,-574.1256647938875,-7147.040661846406,-458.0109905212827,-14.621552961419608,-1636.4490423188454,78.99890806569638,-12.995161810309142,176.76659545605222,-1109.2825073556457
132781.7414160367,-275.06905314803095,283.0192843657858,-4197.521041259343,-3.334800049231539,57.67730780489242,2.650423437353567,-3.8712612456810898,24.467854984172273,196.68574875807195,60.424399687438545,-376.4576552002809,984890.3150209527,-6.791097599316493,-2.918048681535835,-6660.73647926352,-187.41176402697084,-40.235390757650165,-6.32140621133798,168.34783872073623,-49.85273402583792,-5333.058441141756,-22.92952440232359,-9.717297059042204,15.805897745123607,398.51939914816444,382.3441980767854,2.5946460595219065,-7.290262546492825,775.6905816749032,-23.69858234863745,-2.8313605611370476
-6508.048210096396,-25.644633445921666,-453.90490995032775,-60.432258868398094,118.47858608379256,-9.1683690803581,-6.6067208885878435,38.97607218471514,-2531.377863203184,-7319.95881636428,-6875.547595651556,-17.040102877339137,-6.791097599316493,995167.6098413159,176.72298149759482,-231.29521435540283,-10.029404576933311,-10594.249194213337,-1.469840698103658,-215.26827193289583,-5336.713731640835,36401.741100597705,302.55119761097444,-13.877062500545032,-7.119643130600188,539.8623972620185,404339.754016522,-95.96137852347843,188.30459397453876,10270.40650650999,315.09647779432856,51.72696987275852
-5.886133995601412,-2113.8573349556996,-1089.37873207312,-53.69887394604726,223343.12626056562,-343.5390795678025,-8368.677043239575,56215.558634214496,-64.3206963435837,-312.34561354552136,-296.0797216233852,11.890698228605984,-2.918048681535835,176.72298149759482,1202196.1852533105,-31.15174388625556,13.0884010087469,-390.1991228054647,-10273.24438306329,-572.1361941721183,-126.07367398975414,9.059418221868725,16223.526877731898,538417.1744966538,-4994.18915644499,-750.1592659059651,87.94968052169342,-5370.3820411662455,89332.93599685087,-350.0935079847765,27275.54059491401,98148.05476144119
-5360.00263516499,2532.227993866538,-12610.988762060075,454232.468553282,-0.6159937878671121,-1323.9289065207925,-278.722669405909,-118.70593674182756,-49.17768619943568,-178.63157595441945,-90.57052248938757,5814.84606538471,-6660.73647926352,-231.29521435540283,-31.15174388625556,1279483.9139050446,2837.022226275976,-48.59440815733546,-278.760545279365,-8240.651286358796,-16.677919401951215,-855.6811523618277,70.40777564266212,-92.39828343898353,-404.1419756175174,-1053.8672035572715,-381.5721372246021,-714.7732458532487,17.16008877154639,-1984.3525740667217,79.79690879762695,-76.36590703767213
-62.04130859486924,4502.244000753429,-7329.195760395838,8409.114372517357,48.88437904212166,54202.995383311085,-4361.714210732231,-2565.160385451328,-4.63271835186518,-16.494635447947665,-10.224506271017832,423351.0555043649,-187.41176402697084,-10.029404577065566,13.0884010087469,2837.022226275976,755043.5091676869,-8.612878976544042,-6846.520869299948,-10136.288645608562,-3.2900006407307254,-19.6933058194028,64.94291227256556,-625.4162531141578,2313.01989491007,-279.8325756702875,-10.696421655018213,-1307.7446462981163,42.93823832292219,-34.52698046601824,73.1688024337498,-1552.77639637474
-299.91798854719156,-48.61758645927961,-40.74302573196359,-44.778471927846994,-243.15633348864935,-2.193795219454348,-45.970948367715586,-134.39403007653,87997.65566765335,201075.12833957208,260146.36829983175,-15.997905411998094,-40.235390757650165,-10594.249194213337,-390.1991228054647,-48.59440815733546,-8.612878976544042,458083.38253990567,-93.29951570173534,-18.398762763458855,147156.53558313983,-1209.4020719940263,-655.3111419730734,-74.48596429157324,-20.60577707093292,-610.7182927426128,-6642.510430618862,-27.73188249444212,-358.05125481293044,-823.6885816329932,-651.5517860389712,-142.47417820376089
-15.434585019753635,33912.9686598071,-5265.578776481626,-553.7485167825782,-2130.639804859543,-8923.98857421582,616072.782072865,497533.5391679384,-20.707738341491563,-89.74655832595026,-76.68001990854799,-5729.249213445454,-6.32140621133798,-1.469840698103658,-10273.24438306329,-278.76054527949725,-6846.520869299948,-93.29951570173534,1479349.2509768126,-4905.072768124602,-31.39429041394609,-22.02455642924855,-12484.292918465682,-1062.325035027823,239483.97882262696,235.96058369293732,2.319795958849682,-34823.32797444533,-3696.2920955928535,185.50438331043148,-13802.248623545223,303821.7289214705
-168.45603125288233,-5379.617823867089,445190.9635972889,-10414.59017463041,-1044.287881517573,35484.64041533603,-6268.445558039545,-2355.8828715118334,-7.555088588367877,-27.821956418750705,-19.156029822855604,-20276.05729865471,168.34783872073623,-215.26827193263134,-572.1361941723828,-8240.651286358796,-10136.288645608562,-18.398762763458855,-4905.072768124602,939757.7667468186,-6.670344386778547,-398.85626613082275,-6177.690579992435,-330.93868050014396,-4704.545141557492,8296.426272264407,-584.8828572604507,42319.98534591701,-2282.6473395199646,-3524.0485829990494,-6916.289471485418,-1675.8435449948981
-238.86290909301513,-17.282861412095126,-15.68044685980674,-16.775237586212747,-78.17347963732229,-0.8439163042294513,-15.6348815037276,-43.32093084089387,67469.28426066489,64243.12210202591,84252.42114774302,-6.1259383195912935,-49.85273402583792,-5336.713731640835,-126.07367398975414,-16.67791940181896,-3.2900006407307254,147156.53558313983,-31.39429041374771,-6.670344386778547,215537.12261817648,-421.3735944566093,-211.32313577809487,-36.09448267017305,-7.102634673342761,-283.665113064243,-3582.8868881462727,-9.232432490537267,-115.08586712658241,-452.2514501977049,-208.98520165452942,-45.515745621978425
7434.737183809528,-48.116159094412964,-1005.8865630626813,-625.2341074105958,27.932619103929532,15.349797717807851,-8.712620531433464,-8.659628627489122,-439.8301939933373,-1794.1350414402627,-1215.2112243502474,-36.90559816369413,-5333.058441141756,36401.741100597705,9.059418221868725,-855.6811523618277,-19.6933058194028,-1209.4020719937619,-22.02455642924855,-398.85626613082275,-421.3735944566093,692134.0799661488,251.51955311741995,-20.71806538569456,5.0065324288536415,-6312.553656974266,21315.057594428923,-8.03247427210971,77.02402560243338,-10091.272917174327,254.46729251828648,-2.1522832680594606
28.193177034309514,-1399.3377857761266,-11940.857342954088,43.88077542986947,95219.94637866241,-719.2698240336657,-8650.371715725216,5363.594606150599,-101.11915501720173,-501.3795167549667,-487.1399449212601,152.32257305312595,-22.92952440232359,302.55119761097444,16223.526877731898,70.40777564292662,64.94291227256556,-655.3111419730734,-12484.292918465682,-6177.690579992435,-211.32313577809487,251.51955311741995,1111759.0386904473,-11024.015971036777,-4615.151389845136,-20356.853280695068,-813.4434237670306,6276.049780716125,289563.08254926256,-11195.52653478495,955666.1647395117,12139.847293200137
-14.418971340868953,5678.105774520294,-359.13793225187516,-150.1798259232061,75333.09033101315,-1212.5591574813186,-3020.23270274999,-5686.150130693866,-23.285848961970004,-66.9009846947945,-55.039279166593154,-574.1256647938875,-9.717297059042204,-13.877062500545032,538417.1744966538,-92.39828343898353,-625.4162531141578,-74.48596429157324,-1062.325035027823,-330.93868050014396,-36.09448267017305,-20.718065385430048,-11024.015971036777,1505772.9652211952,-2761.4117837498075,-115.77748960378528,-29.66016830888422,-2333.454146696904,17079.405630626527,-80.39968912543482,-8747.051240966855,8506.8148699851
3.648177430886072,-20292.671573594933,-11798.977501518179,-1276.1988171024498,-2277.5166067496134,76724.02464645782,513378.08176914643,61403.53831144604,-5.059394097634709,-21.03854134189677,-17.394331086714963,-7147.040661846406,15.805897745123607,-7.119643130600188,-4994.18915644499,-404.1419756175174,2313.01989491007,-20.60577707093292,239483.97882262696,-4704.545141557492,-7.102634673342761,5.0065324288536415,-4615.151389845136,-2761.4117837498075,960331.0817297926,-834.4305853014198,-10.647684913326774,-8734.910033066935,-2659.1460431922205,-189.3997307799113,-5404.528085831354,34733.54278733739
-1353.6171778307228,-252.48757290685208,41138.99459955822,-534.0593209370357,-2368.753771374091,-842.4622317216263,-211.59243332191454,-186.1649455663367,-150.72849380901815,-445.5275507846634,-417.407600576298,-458.0109905215472,398.51939914816444,539.8623972620185,-750.1592659059651,-1053.8672035572715,-279.8325756702875,-610.7182927426128,235.96058369293732,8296.426272264407,-283.665113064243,-6312.553656974266,-20356.853280695068,-115.77748960378528,-834.4305853014198,961426.5359841739,17168.182302327135,-5804.9449048472015,-6239.248403887012,272649.76386977837,-20691.061496454888,-413.2198995112164
-6416.978156472684,-42.79894730863157,-890.4281701276826,-78.60047347758899,-25.412470295469628,-21.887933664687022,-2.3860870206328295,14.797607217887354,-1802.259932006021,-4650.258726098066,-4271.683147695885,-14.621552961551862,382.3441980767854,404339.754016522,87.94968052169342,-381.5721372246021,-10.696421655018213,-6642.510430618862,2.319795958849682,-584.8828572604507,-3582.8868881460085,21315.057594428923,-813.4434237670306,-29.66016830888422,-10.647684913591283,17168.182302327135,922590.8462574712,-380.4082289782268,-163.49485855680456,52877.43639838395,-813.4275085151057,15.031846849346437
-21.282470520765294,-2736.5980381871273,81682.74519829285,-949.3421130506591,-2726.499088391151,-8937.38356669137,-24688.558962756393,-25857.34563579068,-7.098135227530935,-29.799863051241978,-24.099172773197974,-1636.4490423188454,2.5946460595219065,-95.96137852347843,-5370.3820411662455,-714.7732458532487,-1307.7446462981163,-27.73188249444212,-34823.32797444533,42319.98534591701,-9.232432490537267,-8.03247427210971,6276.049780716125,-2333.454146696904,-8734.910033066935,-5804.9449048472015,-380.4082289782268,869920.4087858184,-456.6569531454282,-3813.188524398138,8413.288828363167,-18981.653847550835
5.999362182141504,-1347.9959664820735,-4412.38252375372,5.364254911839274,253870.72266106657,-366.8847807964462,-4113.214834676028,24762.065031224214,-54.77903520344235,-273.38511340944154,-266.1229258726481,78.99890806569638,-7.290262546492825,188.30459397453876,89332.93599685087,17.16008877128188,42.93823832292219,-358.05125481293044,-3696.2920955928535,-2282.6473395199646,-115.08586712658241,77.02402560243338,289563.08254926256,17079.405630626527,-2659.1460431922205,-6239.248403886747,-163.49485855680456,-456.6569531454282,613136.1047410876,-3333.1848350646987,317146.79880422057,33802.627628440525
-2670.4098691046406,-148.61876043835926,2971.8881889737063,-733.3653250908243,-1233.0454473703433,-334.708645337578,39.2207525086367,-42.14329848268177,-248.88727665300186,-587.1519987865162,-537.8980674232762,-12.995161810309142,775.6905816749032,10270.40650650999,-350.0935079847765,-1984.3525740667217,-34.52698046548922,-823.6885816329932,185.50438331043148,-3524.0485829990494,-452.2514501977049,-10091.272917174327,-11195.52653478495,-80.39968912543482,-189.3997307799113,272649.76386977837,52877.43639838395,-3813.188524398138,-3333.1848350646987,977178.6688251899,-11434.704944532621,-171.01089494492317
28.436080234688934,-1634.4180816673372,-13277.511530803748,52.452913449959915,113525.49127535342,-865.9283508529334,-9944.92221504959,9799.121366495461,-99.76711638028155,-498.4200022672384,-484.6866398842362,176.76659545631674,-23.69858234903421,315.096477794064,27275.54059491401,79.79690879736243,73.1688024334853,-651.5517860391035,-13802.248623545753,-6916.289471485683,-208.98520165479394,254.467292518551,955666.1647395117,-8747.051240966855,-5404.528085831617,-20691.06149645383,-813.4275085151057,8413.288828363695,317146.7988042211,-11434.704944532621,1141789.2388985741,18238.084083253576
-6.311615107042028,5000.450209168882,-2198.5539219661778,-141.61176093159898,47672.33071221998,-4017.364793797411,112643.63140898582,724119.580670196,-24.10269115463153,-117.41350381489697,-109.70741735543707,-1109.2825073559102,-2.831360561269302,51.72696987275852,98148.05476144172,-76.36590703714312,-1552.7763963757982,-142.47417820382702,303821.72892147105,-1675.8435449943693,-45.515745621978425,-2.1522832680594606,12139.847293201194,8506.814869986158,34733.54278733686,-413.21989951148095,15.031846849214181,-18981.653847551366,33802.62762843947,-171.01089494492317,18238.084083253576,916549.6830162253
