0,1,2,3,4,5,6,7,8,9,10,11,12,13,14,15,16,17,18,19,20,21,22,23,24,25,26,27,28,29,30,31
535956.0303378499,-24.11240019072413,-1015.064415723614,-147.46891241701258,34259.090708939984,-1208.1402087630693,16753.756727550484,-70.48702312486591,1362.8283054326698,51.01401581693588,24.263188175150614,-3741.8341552568804,-130.7474763141737,-2138.892249673234,-3929.9331837996688,-17.351970773993912,-37.687107815154235,147.19426496792883,-18.41916564322019,-517.6268998443524,74219.2937235623,66.14200082725989,180.00554798491635,6.735776782496108,-31.418590022285265,49.10238494989109,-1244.7567821953414,-2099.3980480873306,-6715.287887229803,-1340.61818763643,-2862.3458031883765,-109.57644178606955
-24.11240019072413,228002.3814056671,-43.30891684481894,22633.132692272648,-41.08443616880702,-10.892486685624167,-35.05451080975951,197129.3564974998,14799.531709161274,-114.30832775960711,-155.2873311095565,0.40616224035957366,67499.09526297158,-17.511807463574375,-19.569461810271747,-13.527340897343473,1146.0726114320578,-0.8574830295075705,-475.21064919206384,-13.105190219516059,181.48115322811407,-0.4299043155095479,-19.115179493993903,-1246.0380555039146,93487.77649801361,-120.09577442791728,1635.2933200983882,-3800.69281213183,-4141.381388977484,-24.20647459854298,-19.825446087354777,-31.37695738389448
-1015.064415723614,-43.30891684481894,741172.5612637744,-100.56577381266725,-814.313818384521,-943.5483820446772,-2034.5635967810583,-60.03615462150614,-147.52699905044955,-30142.99822332123,-32744.707633543698,-155.21662685121345,-194.53476762434863,-310.5603855055061,13664.477559828227,-9.166934772496289,-2881.825291968481,-8331.290939835686,-8068.730887812607,145792.63249148737,-4735.7137458845145,-3232.192342226666,-28131.862913212233,-6947.594301401947,-79.78108197139969,-30607.512940348035,11.782117274160461,-3550.4750229950723,479.5832046420924,240619.50408419725,226611.66448219892,77.31290873310813
-147.46891241701258,22633.132692272648,-100.56577381266725,147073.77147220683,-5.470402244853397,0.2508376769448678,-0.7793662964121925,19618.505486481437,-1900.1263093836058,-77.9860764444216,-109.39321433197789,-83.79642179853639,100162.96632762907,5.941782189004813,-3.563962122597078,-8.446564801984167,5745.245521209361,1.7914925340606762,-377.06524431663945,-62.1957785825985,-486.1981095773295,1.5197021086014981,-4.894350464218578,-1221.0365376356829,64670.16858906076,-80.8133314668282,-438.72510875151124,21624.851845318095,711.3315996191714,-6.147740499236424,28.18889877293461,-11.681800687465904
34259.090708939984,-41.08443616880702,-814.313818384521,-5.470402244853397,439008.80883061694,-4244.818156823926,114967.12330814128,-63.941277946324135,-2336.634656525217,81.72465219307107,56.50717233793546,-6674.591612436789,-30.519972603999616,-8326.575923101593,-6023.780378846289,-14.686897762132094,4.5442357375265905,178.27753983729372,-2.9013613752857723,-360.04964315369267,8321.552376660045,69.40968752838457,222.28198880773903,7.379593417315019,-26.635726003570582,79.62354947103367,-450.1195533988896,-211.63829601587412,-1482.1117079671578,-1389.210564203863,-2651.3655746720065,-168.0286491853213
-1208.1402087630693,-10.892486685624167,-943.5483820446772,0.2508376769448678,-4244.818156823926,618051.223189326,16520.262091743876,-15.509560452171087,-394.3211585896791,40.93319191784103,20.937180489034883,-15896.600249390523,-10.011547335252082,176423.07402026976,16533.28876671087,-114.38219101006486,-0.2840099464981917,-2340.766637005696,-14.145102000522517,-392.30072429721383,-510.3112203955133,-2983.9380582347135,3.7352079001247165,8.421372440927255,-8.373039284805374,42.899244806974934,-46.2029783389543,27.059651291350065,99.38921602273291,-1556.7275927764545,-2640.070238746125,-3305.0631011863443
16753.756727550484,-35.05451080975951,-2034.5635967804642,-0.7793662964121925,114967.12330814128,16520.262091743876,627822.6129005755,-52.378423574150546,-1607.2270885679054,217.67503487033036,165.1389636310134,-8487.262112724819,-26.503923602088772,-15613.179404191493,-4173.7725567434345,-34.116259277115496,5.736898654596031,-33.2611392877419,2.7120315320772934,-891.652492060768,2641.4854224088276,-280.92937645443754,493.01764074979155,16.266835111518613,-23.96425301547637,214.40348755446985,-281.5884319286463,-99.87908934651313,-756.6671111588325,-3452.7028333752364,-6367.887299736787,-632.8560312854147
-70.48702312486591,197129.3564974998,-60.03615462180319,19618.505486481437,-63.941277946324135,-15.50956045246813,-52.378423574150546,356535.46924290084,23151.276483078007,-136.06157122791174,-183.8298544184007,11.58928624234865,50704.955888344295,-25.771015120333285,-28.882468339226914,-17.561508610171433,-266.3773965008794,-0.3015078629852625,-507.9670522762934,-20.72074000761633,170.33375965134073,-0.19042143014253723,-21.606973006263587,-1385.2770029395165,74087.03367110802,-142.57113162824504,2706.6742323201597,-3336.427069548543,-5937.080487612437,-37.92474932941215,-38.659076659152966,-41.56810104895859
1362.8283054326698,14799.531709161274,-147.52699905044955,-1900.1263093836058,-2336.634656525217,-394.3211585896791,-1607.2270885679054,23151.276483078007,1001514.3767070897,-279.3872174117455,-377.434956642808,7080.332103487492,6374.488030836358,-1041.2875892501654,-123.39564469286974,-63.89810086406029,-1211.4141934981687,4.123121421412518,-485.2123066659809,-44.020226557903435,-618.1395437206913,-8.932346077915414,-23.55119732704922,-800.8337967365017,8212.05471435695,-288.1860184895889,187774.0502003381,-15843.57098009519,-33349.44331931776,-144.02111431257913,-199.91210143507107,-208.5250320806409
51.01401581693588,-114.30832775960711,-30142.99822332123,-77.9860764444216,81.72465219307107,40.93319191784103,217.67503487033036,-136.06157122791174,-279.3872174117455,835814.0713591243,562316.2765123601,-452.41804463459647,-309.6231968328314,-7.365204622207144,-3721.4381513164785,-1330.8012975818222,-3822.348838529213,3571.822700193471,29197.0802093875,-7571.6471353754605,250.11737673029359,-1100.4692778967553,153325.77660583094,-8138.59259237674,-161.32440608227253,698207.6932137175,-54.306656504421916,35.53328397170539,-46.92005806562932,-29012.13462408611,-17670.40267797285,-1167.0670494068793
24.263188175150614,-155.2873311095565,-32744.707633543698,-109.39321433197789,56.50717233793546,20.937180489034883,165.1389636310134,-183.8298544184007,-377.434956642808,562316.2765123601,905993.8997533396,-458.28740157887455,-431.31401266210764,-30.056996822928184,-2966.6506312644065,672.0617647063434,-6059.783685841843,-3804.6091803568183,48657.04766076877,-8176.470357626037,220.63167665531248,-3665.3941465892603,80540.78440486979,-12923.18530077329,-222.79765243969754,652832.0266361621,-71.99946433912412,4.644842609293416,-47.344151884241924,-27688.678977162243,-17155.17266625195,-125.01495967035649
-3741.8341552568804,0.40616224035957366,-155.21662685121345,-83.79642179853639,-6674.591612436195,-15896.600249390523,-8487.262112724224,11.58928624234865,7080.332103487492,-452.41804463459647,-458.28740157887455,1326772.325044172,-143.45958656879583,-34871.6463595999,-668.2061277864125,113.18944803206466,-72.5468937059468,-2438.1298737827397,-162.29366444417795,-65.21132117357541,-1956.7782548053253,-2098.3032619347928,-773.6761350775104,-1.2123894229705863,-46.88716471868469,-435.82851113601714,737.2141908912012,-475.00184379783843,-1727.4392344656833,-152.8978270742995,-213.08324339292358,7734.776762600499
-130.7474763141737,67499.09526297158,-194.53476762434863,100162.96632762907,-30.519972603999616,-10.011547335252082,-26.503923602088772,50704.955888344295,6374.488030836358,-309.6231968328314,-431.3140126618106,-143.45958656879583,406601.015623102,-5.994911729375645,-17.007306610272465,-30.394118489336105,18021.204850309412,0.09180314931228745,-1546.6473553179517,-98.25809148485776,-275.51277180441537,1.2737543352306762,-40.1547168904349,-4092.2502765858476,176419.7794818159,-324.7628334293399,161.54786958177584,22245.68978833309,-2785.5528968768594,-13.390586653910018,70.75078184091205,-54.61663783298993
-2138.892249673234,-17.511807463574375,-310.5603855055061,5.941782189004813,-8326.575923101593,176423.07402026976,-15613.179404191493,-25.771015120333285,-1041.2875892501654,-7.365204622207144,-30.056996822928184,-34871.6463595999,-5.994911729375645,742384.5474441708,-1410.1228962706314,-151.96438598402725,4.257511663482993,-1553.8947540225406,-20.804383900208194,-127.8672884872907,-451.43838816463483,-1849.0720417904897,24.3060695780533,6.677691309009483,-10.097948531978673,-7.12805808177901,-116.44687307019528,60.41898395689521,257.6716063307593,-545.9794493284329,-879.5850452607035,-1186.7533689482925
-3929.9331837996688,-19.569461810271747,13664.477559828227,-3.5639621228941203,-6023.780378846289,16533.28876671087,-4173.7725567434345,-28.882468339523953,-123.39564469286974,-3721.4381513164785,-2966.6506312638126,-668.2061277864125,-17.007306610569508,-1410.1228962706314,537470.838072648,-21.612675501239114,-26.460131635497792,-11243.612671309284,-335.719168100831,5814.503524288448,-3939.2325316481415,-6555.15814882979,-9078.246462100098,-144.81015696342143,-14.090870341581464,-3617.2462283661084,-5.174054508423333,-547.1740783473634,247.2595707306425,28566.883493545243,53014.630936384645,-699.2452112376383
-17.351970773993912,-13.527340897343473,-9.166934772496289,-8.446564801984167,-14.686897762132094,-114.38219101006486,-34.116259277115496,-17.561508610171433,-63.89810086406029,-1330.8012975818222,672.0617647063434,113.18944803206466,-30.394118489336105,-151.96438598402725,-21.612675501239114,205797.19653974305,-194.4096522022992,-2784.7619716468184,854.2090411084538,-4.819181880208661,-14.197107101967621,-518.1904787909933,-7621.373472727767,-354.17440261782383,-16.523704142281023,-1081.6663624281937,-11.270563375357709,-21.65929337745774,-1.1508926910431314,160.79813538886336,67.62275890076182,7882.170054573288
-37.68710781485719,1146.0726114320578,-2881.825291968481,5745.245521209361,4.544235736932506,-0.2840099464981917,5.736898654596031,-266.3773965008794,-1211.4141934981687,-3822.348838529213,-6059.783685841843,-72.5468937059468,18021.204850309412,4.257511662888908,-26.46013163520075,-194.4096522022992,599786.7181718952,295.50588644008326,3617.2786287197528,-1036.2524473144224,-185.97756076456525,185.92412718947782,210.0426856937771,133494.2277145189,6842.121309163565,-4125.839271105185,-349.1489337812239,6558.517383755223,-355.08761496582844,-726.3289534603161,-609.028151221804,-112.2518674417267
147.19426496792883,-0.8574830295075705,-8331.290939835686,1.7914925343577186,178.27753983729372,-2340.766637005696,-33.2611392877419,-0.3015078629852625,4.123121421412518,3571.822700193471,-3804.6091803568183,-2438.1298737827397,0.09180314931228745,-1553.8947540225406,-11243.612671309284,-2784.7619716468184,295.50588644008326,730646.2676679433,-1854.666420657955,-2480.7928004002692,252.06338559145377,303261.3004899637,93592.0012454436,592.7434434032994,-0.8603203838795312,1912.05055957428,-1.0432426394427006,74.92553914459675,-25.976084247984232,-13285.946768792446,-11153.134675961874,-16233.148871059999
-18.41916564322019,-475.21064919206384,-8068.730887812607,-377.06524431663945,-2.9013613752857723,-14.145102000522517,2.7120315320772934,-507.9670522762934,-485.2123066659809,29197.0802093875,48657.04766076877,-162.29366444417795,-1546.6473553179517,-20.804383900208194,-335.719168100831,854.2090411084538,3617.2786287197528,-1854.666420657955,560328.0475042368,-1974.3497858821759,6.787257722731111,-1150.1780110739942,-1110.7253734838584,82603.01227617843,-777.2881868480481,31801.62235688174,-69.9216500846717,-548.492586459806,38.66728708290165,-4428.078158263029,-3041.3148259443788,272.69623380110755
-517.6268998443524,-13.105190220110142,145792.63249148737,-62.1957785825985,-360.04964315369267,-392.30072429721383,-891.652492060768,-20.72074000761633,-44.02022655820047,-7571.6471353754605,-8176.470357626037,-65.21132117357541,-98.25809148485776,-127.8672884872907,5814.503524287854,-4.819181880208661,-1036.2524473144224,-2480.7928004002692,-1974.3497858821759,306940.2859480644,-2722.1338446020563,-1027.8677774740302,-7250.163548406059,-2410.9703633666813,-34.56041295041475,-7803.99783330284,8.959003608928311,-2223.6442564091994,232.75025094998128,61902.98289629081,123315.0323957599,-0.34034716362914735
74219.2937235623,181.48115322811407,-4735.7137458845145,-486.1981095773295,8321.552376660045,-510.3112203955133,2641.4854224088276,170.33375965134073,-618.1395437206913,250.11737673029359,220.6316766556095,-1956.7782548053253,-275.51277180441537,-451.43838816463483,-3939.2325316481415,-14.19710710167058,-185.97756076426822,252.0633855917508,6.787257722731111,-2722.1338446020563,550421.8680603193,115.16546293768249,427.87087544308935,-19.775433720883935,54.47027677407484,249.6340450458022,-1833.0844377955316,-7259.348648362637,-22989.65647040608,-3946.3187198488627,-8230.500019579345,-50.27495744305259
66.14200082725989,-0.4299043155095479,-3232.192342226666,1.5197021086014981,69.40968752838457,-2983.9380582347135,-280.92937645443754,-0.19042143014253723,-8.932346078212458,-1100.4692778967553,-3665.3941465892603,-2098.3032619347928,1.2737543355277186,-1849.0720417904897,-6555.15814882979,-518.1904787909933,185.92412718947782,303261.3004899637,-1150.1780110739942,-1027.8677774740302,115.16546293768249,706855.711262927,31054.552107421485,369.1566585744863,-0.04694665248286809,-1522.8338661141902,-1.9639019933716573,32.57174623863468,-11.60956492768157,-5522.370485538069,-5127.1488847633655,12747.56246790894
180.00554798491635,-19.115179493993903,-28131.862913212233,-4.894350464218578,222.28198880803606,3.7352079001247165,493.01764074979155,-21.606973006263587,-23.551197327346262,153325.77660583094,80540.78440486979,-773.6761350778073,-40.1547168904349,24.3060695780533,-9078.246462100098,-7621.373472727767,210.0426856937771,93592.0012454436,-1110.7253734838584,-7250.163548406059,427.87087544308935,31054.552107421485,744237.6173963716,318.8416279047309,-24.118535428862177,132616.83184130766,-8.031932193302321,174.2554779650249,-49.79491378854174,-33340.52595278415,-23285.711908603378,-8226.390174135006
6.735776782496108,-1246.0380555039146,-6947.594301401947,-1221.0365376356829,7.379593417315019,8.421372440927255,16.266835111518613,-1385.2770029395165,-800.8337967365017,-8138.59259237674,-12923.18530077329,-1.2123894229705863,-4092.2502765858476,6.677691309009483,-144.81015696342143,-354.17440261782383,133494.2277145189,592.7434434032994,82603.01227617843,-2410.9703633666813,-19.775433720883935,369.1566585744863,318.8416279047309,701456.1978345828,-2029.4838928626984,-8882.932236593164,-119.38136536584952,-4979.60548504499,-44.57150589673196,-2178.6969990354173,-2243.4205385323153,-182.79682571408
-31.418590022285265,93487.77649801361,-79.78108197139969,64670.16858906076,-26.635726003867624,-8.373039284805374,-23.96425301547637,74087.03367110802,8212.05471435695,-161.32440608227253,-222.79765243969754,-46.88716471868469,176419.7794818159,-10.097948531978673,-14.090870341581464,-16.523704142281023,6842.121309163565,-0.8603203844736158,-777.2881868480481,-34.56041295041475,54.47027677407484,-0.04694665277991042,-24.118535428862177,-2029.4838928626984,211640.01046753183,-169.51063438023618,686.4347123552727,3766.550184356295,-2852.7834654288413,-13.94973550663749,16.856172340718054,-33.19262371874912
49.10238494989109,-120.09577442791728,-30607.512940348035,-80.8133314668282,79.62354947103367,42.899244806974934,214.40348755476688,-142.57113162824504,-288.1860184895889,698207.6932137175,652832.0266361621,-435.82851113601714,-324.7628334293399,-7.12805808177901,-3617.2462283661084,-1081.6663624281937,-4125.839271105185,1912.05055957428,31801.62235688174,-7803.99783330284,249.63404504550513,-1522.8338661141902,132616.83184130766,-8882.932236593164,-169.51063438023618,842729.2089217913,-55.77029351103332,38.42746451446976,-46.67967971464208,-29251.64605248267,-17881.100745334243,-992.8494313341979
-1244.7567821953414,1635.2933200983882,11.782117274160461,-438.72510875151124,-450.1195533988896,-46.2029783389543,-281.5884319286463,2706.6742323201597,187774.0502003381,-54.306656504421916,-71.99946433882708,737.2141908912012,161.54786958177584,-116.44687307019528,-5.174054508423333,-11.270563375357709,-349.1489337812239,-1.0432426394427006,-69.9216500846717,8.959003609225354,-1833.0844377955316,-1.9639019933716573,-8.031932193302321,-119.38136536584952,686.4347123552727,-55.77029351103332,324942.69187870633,-640.4649587720817,48424.16665256375,6.4663530083146235,34.30393474449689,-36.45633342142428
-2099.3980480873306,-3800.69281213183,-3550.4750229950723,21624.851845318095,-211.63829601587412,27.059651291350065,-99.87908934651313,-3336.427069548543,-15843.57098009519,35.53328397170539,4.644842609293416,-475.00184379783843,22245.68978833309,60.41898395689521,-547.1740783473634,-21.65929337745774,6558.517383755223,74.92553914459675,-548.492586459806,-2223.6442564091994,-7259.348648362637,32.57174623863468,174.2554779650249,-4979.60548504499,3766.550184356295,38.42746451446976,-640.4649587720817,636261.1994986295,17245.086426452923,-1822.3615472717115,-3018.6056385993647,-28.355469825547424
-6715.287887229803,-4141.381388977484,479.5832046420924,711.3315996191714,-1482.1117079671578,99.38921602273291,-756.6671111588325,-5937.080487612437,-33349.44331931776,-46.92005806562932,-47.344151884241924,-1727.4392344656833,-2785.5528968768594,257.6716063307593,247.2595707306425,-1.1508926910431314,-355.08761496582844,-25.976084247984232,38.66728708290165,232.75025094998128,-22989.65647040608,-11.60956492768157,-49.79491378854174,-44.57150589673196,-2852.7834654288413,-46.67967971464208,48424.16665256375,17245.086426452923,651768.7637279225,387.6646375616067,811.9377820939009,-5.9177765732866865
-1340.61818763643,-24.20647459854298,240619.50408419725,-6.147740499236424,-1389.210564203863,-1556.7275927764545,-3452.7028333752364,-37.92474932970919,-144.02111431257913,-29012.13462408611,-27688.678977162243,-152.8978270742995,-13.390586653910018,-545.9794493284329,28566.883493545243,160.79813538886336,-726.3289534603161,-13285.946768792446,-4428.078158263029,61902.98289629081,-3946.318719849456,-5522.370485538069,-33340.52595278415,-2178.6969990354173,-13.949735506934534,-29251.64605248267,6.4663530083146235,-1822.3615472717115,387.6646375616067,616979.6876282407,214460.83362849333,213.89945477811088
-2862.34580318897,-19.82544608705774,226611.66448219892,28.18889877293461,-2651.3655746731947,-2640.070238746125,-6367.887299737975,-38.659076659152966,-199.91210143507107,-17670.402677975224,-17155.17266625195,-213.08324339292358,70.75078184031797,-879.5850452607035,53014.63093638583,67.62275890194998,-609.02815122121,-11153.134675962468,-3041.3148259449727,123315.03239576049,-8230.50001957875,-5127.14888476396,-23285.711908603378,-2243.4205385329096,16.856172341015096,-17881.100745334243,34.30393474419985,-3018.6056385993647,811.937782095089,214460.83362849272,678996.7433274894,-11.983758753316863
-109.57644178666365,-31.37695738359744,77.31290873310813,-11.681800687465904,-168.02864918472721,-3305.0631011863443,-632.8560312848206,-41.56810104895859,-208.52503208049234,-1167.067049405691,-125.01495966976239,7734.776762600202,-54.61663783313845,-1186.7533689488866,-699.2452112358559,7882.170054573882,-112.25186744291486,-16233.14887105881,272.6962338014046,-0.34034716392618974,-50.274957444537804,12747.56246790894,-8226.390174136193,-182.79682571259477,-33.19262371874912,-992.8494313347921,-36.456333421721325,-28.355469826438554,-5.917776572989644,213.89945477870498,-11.983758753316863,519196.21820809925
